;279010;698737;1114965;712938;220668;568704;1225205;1624;1398;1348908;370552;525318;692420;1230477;767455;880633;1318;326425;1457191;695562;1390082;904354;883164;1333862;1402;491077;453366;1154861;1214192;1154879;370554;565143;1391469;1353243;40041;1138890;1073372;260799;1260356;759913;224308;1348623;1350467;1041521;568814;1052684;1315975;862967;347253;575599;1300223;1034809;281309;1236548;862966;695563;545693;1226678;1324966;345219;1390372;1116220;979222;1157358;93061;1095729;210007;1051072;1157475;1350466;1266717;1381085;1037411;1048332;322159;390333;1053233;283734;1269760;862968;1333863;453365;257314;1433289;1154776;180862;1308;1587;1344987;1215914;529122;1436725;1214218;176280;1126211;511437;453362;171101;1000589;1422305;1163301;1198291;1298921;663954;1050107;1273133;1314;1214210;212045;1404;1598;1579;1053174;981539;1154876;525310;857292;767462;226185;681573;1604;1155131;1580;1429244;119602;1381124;1245026;909954;862971;1384064;997761;1232672;1151189;226900;1053215;886882;718222;208435;1225186;1423723;663951;706437;1423728;1258574;862969;1327988;1138915;990317;1051074;1391465;931437;696216;1248420;76860;1131732;1312920;695560;349123;272621;1358027;333849;1036673;33959;888048;1029822;1409679;160490;1226335;1051653;452436;1333538;1200793;1382301;525306;1071400;29397;1116391;568206;1051657;557436;1368424;1225194;1344989;568703;1408186;334390;1304;1225196;525361;79672;637909;1323698;387344;760570;984892;1121088;937773;53354;362948;1318635;553482;198094;1304889;487214;1035184;767453;1226679;1316583;1074494;1412842
279010;0.000000;0.743237;0.728290;0.779088;0.689587;0.666232;0.735835;0.780412;0.576691;0.680749;0.755499;0.683268;0.517645;0.532054;0.749603;0.761724;0.717435;0.764243;0.666576;0.759816;0.754982;0.747368;0.745161;0.593645;0.105149;0.753884;0.743319;0.746795;0.718436;0.745767;0.757031;0.529892;0.673837;0.726637;0.749683;0.675131;0.724336;0.688817;0.658941;0.742834;0.528802;0.642961;0.704378;0.786064;0.735901;0.599521;0.534631;0.738001;0.745733;0.785382;0.670483;0.744170;0.691475;0.524961;0.740915;0.758357;0.638604;0.772773;0.715844;0.576403;0.514499;0.737431;0.753912;0.682413;0.744002;0.713272;0.742511;0.749578;0.670622;0.684850;0.704804;0.747712;0.781089;0.747698;0.769308;0.767610;0.714071;0.706350;0.769848;0.740040;0.595946;0.743871;0.775012;0.754654;0.744147;0.717329;0.769757;0.759993;0.757276;0.664532;0.711287;0.765998;0.718621;0.758119;0.511393;0.697514;0.743094;0.750644;0.739645;0.748353;0.726765;0.517964;0.575132;0.742348;0.754949;0.784552;0.756684;0.715518;0.691650;0.644391;0.745466;0.764556;0.712624;0.728080;0.745775;0.673234;0.742406;0.758230;0.679229;0.753084;0.753768;0.756474;0.716825;0.593777;0.737120;0.767288;0.576011;0.775390;0.718751;0.723392;0.716368;0.142429;0.685526;0.692256;0.714331;0.598333;0.713527;0.753918;0.733688;0.756537;0.738512;0.733492;0.701721;0.720885;0.736295;0.689938;0.686731;0.727813;0.763351;0.669662;0.741094;0.740031;0.743085;0.731088;0.361917;0.664436;0.752885;0.746782;0.772643;0.753195;0.673678;0.716113;0.780425;0.729327;0.783759;0.746579;0.763249;0.747514;0.662695;0.740039;0.516010;0.734821;0.686310;0.772781;0.694959;0.768722;0.716355;0.691358;0.664699;0.757957;0.116067;0.733049;0.756858;0.671090;0.784416;0.779646;0.745797;0.735897;0.664181;0.723587;0.728831;0.718949;0.734404;0.727784;0.709834;0.608446;0.705884;0.727616;0.778933;0.662405;0.748637;0.688821;0.683883;0.738331;0.738728;0.785574;0.770791;0.742100;0.738714;0.691575
698737;0.743237;0.000000;0.715144;0.826868;0.692979;0.729643;0.656559;0.606515;0.745232;0.611981;0.675378;0.646785;0.737212;0.692891;0.811719;0.656887;0.706684;0.664573;0.729505;0.668949;0.675908;0.134018;0.063815;0.718880;0.738423;0.680164;0.700483;0.616539;0.693561;0.622275;0.674602;0.698449;0.621451;0.667266;0.716655;0.658187;0.712656;0.639371;0.661143;0.680759;0.696588;0.660457;0.710785;0.616643;0.701886;0.712049;0.706140;0.661536;0.686835;0.833582;0.733594;0.058629;0.643842;0.702646;0.664623;0.666115;0.656234;0.625065;0.694827;0.748333;0.732656;0.538481;0.544423;0.611923;0.533067;0.657877;0.654849;0.717849;0.645203;0.688158;0.597115;0.711783;0.646912;0.687167;0.699122;0.821779;0.690585;0.599195;0.826414;0.673333;0.707302;0.700297;0.636356;0.683170;0.618804;0.696377;0.699390;0.655413;0.552236;0.724860;0.687412;0.695515;0.692303;0.544073;0.733838;0.719771;0.697191;0.701381;0.674774;0.554349;0.670433;0.739437;0.744514;0.680074;0.817257;0.616555;0.677548;0.689728;0.647343;0.660184;0.658900;0.630280;0.688150;0.640657;0.620607;0.651379;0.672405;0.653189;0.614401;0.720305;0.665883;0.546519;0.724429;0.719194;0.673072;0.815018;0.747016;0.641083;0.661460;0.731327;0.868688;0.735335;0.620953;0.644907;0.688394;0.711584;0.688818;0.625934;0.652774;0.662808;0.534795;0.674634;0.724242;0.636922;0.668686;0.693787;0.665221;0.642677;0.691536;0.655561;0.539055;0.673327;0.669003;0.663260;0.739437;0.724703;0.664088;0.663270;0.627099;0.668066;0.649827;0.869821;0.642886;0.718512;0.611905;0.142068;0.682683;0.645534;0.725473;0.677018;0.743187;0.671650;0.724273;0.626350;0.716944;0.830719;0.869585;0.647225;0.725190;0.676661;0.737548;0.648644;0.547497;0.732603;0.649931;0.827065;0.688327;0.656285;0.728669;0.708511;0.642117;0.694335;0.739001;0.714813;0.603073;0.767320;0.595687;0.641539;0.609652;0.722597;0.715577;0.639304;0.688213;0.690231;0.670727;0.833764;0.624667;0.666038;0.674229;0.647391
1114965;0.728290;0.715144;0.000000;0.774964;0.708038;0.709645;0.673408;0.706870;0.733656;0.708072;0.660724;0.683827;0.730823;0.707492;0.745545;0.700317;0.464619;0.707963;0.709046;0.688392;0.658984;0.714110;0.714272;0.731340;0.727277;0.707428;0.641049;0.670662;0.634418;0.670722;0.659294;0.709075;0.688371;0.644702;0.679291;0.682472;0.465232;0.747392;0.674769;0.651522;0.705363;0.741290;0.696514;0.711921;0.639102;0.733616;0.713413;0.645886;0.634270;0.778714;0.713443;0.713107;0.750900;0.710904;0.644026;0.687615;0.737328;0.702120;0.784486;0.734442;0.732219;0.723285;0.721488;0.687228;0.721934;0.643204;0.661671;0.679598;0.676415;0.706375;0.706242;0.677173;0.703297;0.638317;0.656921;0.754633;0.781590;0.701660;0.762866;0.646525;0.726993;0.641682;0.699517;0.649532;0.669353;0.785775;0.658036;0.700026;0.727997;0.701431;0.779616;0.654508;0.635378;0.721585;0.733460;0.692580;0.637736;0.630490;0.646774;0.735639;0.642465;0.733149;0.729983;0.648995;0.747900;0.715675;0.662408;0.634012;0.753135;0.741566;0.688346;0.700191;0.780219;0.663266;0.668445;0.687666;0.649767;0.698629;0.684874;0.684248;0.688085;0.722894;0.703096;0.732258;0.649301;0.766697;0.730238;0.699378;0.642360;0.710708;0.846011;0.728198;0.690665;0.751631;0.781218;0.733737;0.780649;0.669398;0.671805;0.686369;0.723890;0.647004;0.691275;0.661101;0.644246;0.708436;0.690175;0.664341;0.650797;0.684134;0.727468;0.646522;0.651835;0.644526;0.727985;0.701112;0.687930;0.695841;0.701741;0.696467;0.672717;0.846266;0.701552;0.476497;0.709953;0.713677;0.662991;0.698436;0.705627;0.652348;0.736320;0.633341;0.717980;0.703002;0.689120;0.774962;0.846425;0.753132;0.702263;0.698249;0.727597;0.666816;0.724801;0.712339;0.706902;0.775241;0.633761;0.670143;0.710201;0.793783;0.664187;0.636462;0.710411;0.356873;0.702937;0.750616;0.700752;0.663856;0.708817;0.699857;0.683544;0.747357;0.706977;0.626100;0.648151;0.781992;0.701993;0.648056;0.632927;0.753229
712938;0.779088;0.826868;0.774964;0.000000;0.730901;0.732655;0.812726;0.832785;0.773919;0.820437;0.795256;0.764434;0.782031;0.787293;0.731772;0.800419;0.771840;0.805370;0.732533;0.783568;0.794497;0.827016;0.826642;0.788750;0.780289;0.780275;0.797082;0.814545;0.779333;0.814149;0.794945;0.787712;0.794509;0.799933;0.798748;0.808594;0.772756;0.839066;0.801126;0.786860;0.785486;0.826853;0.717136;0.832956;0.783397;0.793867;0.789710;0.802934;0.784088;0.319082;0.736490;0.825918;0.841228;0.787316;0.802772;0.784073;0.824354;0.812730;0.860030;0.773381;0.785485;0.834488;0.838321;0.796723;0.833001;0.795529;0.806408;0.798331;0.806707;0.732685;0.808338;0.797987;0.817713;0.787503;0.795890;0.737403;0.858232;0.806194;0.747649;0.801362;0.789748;0.799287;0.815452;0.792998;0.813167;0.860141;0.796362;0.799756;0.841808;0.738365;0.857034;0.794906;0.779839;0.837227;0.785457;0.727069;0.798044;0.794153;0.783159;0.840975;0.798070;0.783861;0.770825;0.785987;0.729008;0.836594;0.795305;0.780213;0.842170;0.827702;0.770508;0.803933;0.857192;0.799185;0.813147;0.763016;0.803107;0.799322;0.793088;0.800831;0.783381;0.839344;0.717794;0.788878;0.786761;0.294056;0.769722;0.814293;0.799490;0.720389;0.839643;0.781891;0.798436;0.841695;0.858127;0.794702;0.857312;0.813003;0.812097;0.783316;0.834678;0.800051;0.725974;0.797628;0.800278;0.729946;0.814101;0.799479;0.794199;0.809220;0.836273;0.801347;0.805261;0.800411;0.781204;0.738300;0.783966;0.774901;0.811587;0.773616;0.804114;0.838709;0.817172;0.773663;0.832452;0.827256;0.795478;0.798034;0.743189;0.788486;0.785157;0.786677;0.727634;0.812906;0.725845;0.760821;0.839396;0.842163;0.738772;0.773246;0.780807;0.810000;0.839699;0.735076;0.819921;0.094465;0.783387;0.810412;0.734780;0.865055;0.799034;0.779385;0.716001;0.773533;0.805839;0.782290;0.804673;0.798877;0.830553;0.738197;0.801691;0.839047;0.732365;0.793289;0.802564;0.282740;0.811869;0.803537;0.785881;0.842203
220668;0.689587;0.692979;0.708038;0.730901;0.000000;0.615188;0.705244;0.724437;0.695295;0.684274;0.707465;0.621861;0.688443;0.665893;0.743964;0.696027;0.698541;0.702019;0.615126;0.686796;0.706941;0.694500;0.693702;0.661063;0.686506;0.680996;0.716513;0.701941;0.687120;0.703161;0.708224;0.670118;0.653447;0.705167;0.721309;0.687993;0.704686;0.708224;0.682056;0.696284;0.668513;0.693177;0.597313;0.730503;0.702770;0.663653;0.675433;0.709924;0.695201;0.737078;0.621765;0.692565;0.711882;0.670870;0.711143;0.684905;0.690352;0.702753;0.738792;0.696784;0.687988;0.694155;0.712765;0.654971;0.696297;0.695615;0.706220;0.720541;0.681801;0.230585;0.671798;0.718236;0.722101;0.699258;0.720725;0.759386;0.737946;0.670628;0.763054;0.712941;0.657994;0.717371;0.714697;0.705377;0.699996;0.739769;0.721090;0.694307;0.718161;0.612537;0.735714;0.716833;0.687503;0.715845;0.688792;0.629817;0.715551;0.718520;0.689594;0.706982;0.703324;0.691363;0.692573;0.696082;0.749096;0.731341;0.708867;0.685342;0.712045;0.693475;0.663319;0.696481;0.734901;0.676910;0.702311;0.616780;0.712826;0.692069;0.652215;0.723609;0.682209;0.715415;0.611825;0.662070;0.691424;0.716769;0.693808;0.715037;0.700705;0.623876;0.798652;0.685614;0.659075;0.712026;0.737205;0.664303;0.735928;0.706884;0.703438;0.682692;0.695114;0.708666;0.633372;0.671167;0.709102;0.255372;0.696893;0.677968;0.714553;0.684992;0.698627;0.712919;0.714106;0.704575;0.687113;0.612335;0.681096;0.667207;0.703479;0.672057;0.683496;0.799161;0.719710;0.708840;0.727369;0.694419;0.713271;0.683964;0.614465;0.695839;0.694628;0.687873;0.555421;0.703197;0.626536;0.768723;0.799316;0.712127;0.613669;0.679924;0.686566;0.702018;0.716753;0.620938;0.725606;0.731204;0.695874;0.703928;0.614274;0.748539;0.677149;0.687282;0.631452;0.706605;0.674167;0.718309;0.670405;0.676378;0.724130;0.610660;0.722457;0.708180;0.221798;0.708398;0.712534;0.739119;0.701740;0.712204;0.690705;0.712260
568704;0.666232;0.729643;0.709645;0.732655;0.615188;0.000000;0.719474;0.760151;0.665469;0.718242;0.719405;0.641663;0.668333;0.656840;0.725919;0.718472;0.701237;0.723977;0.310731;0.705510;0.718661;0.730797;0.730155;0.668564;0.665507;0.707873;0.726240;0.731711;0.697383;0.731776;0.720423;0.658149;0.681525;0.713078;0.721887;0.702604;0.705685;0.742863;0.686145;0.708167;0.655537;0.719244;0.625179;0.764396;0.710214;0.675200;0.661656;0.720781;0.710319;0.737313;0.348409;0.729102;0.746155;0.656667;0.721901;0.704508;0.715730;0.733910;0.772309;0.665205;0.670447;0.735696;0.753371;0.685709;0.736937;0.705293;0.718646;0.721190;0.698604;0.613024;0.699399;0.719012;0.750041;0.714676;0.733264;0.740763;0.770536;0.697125;0.745697;0.720143;0.668764;0.727799;0.744147;0.721847;0.729325;0.773295;0.733984;0.717064;0.757724;0.568164;0.768506;0.730411;0.698036;0.754684;0.670954;0.630966;0.726390;0.726878;0.701787;0.746873;0.710552;0.671035;0.660705;0.707232;0.729627;0.765977;0.719907;0.696301;0.746695;0.719746;0.692266;0.726230;0.768459;0.699494;0.730904;0.635536;0.721401;0.715358;0.681568;0.723915;0.701870;0.755652;0.634948;0.669458;0.704652;0.721644;0.661234;0.743712;0.709485;0.644259;0.792213;0.666542;0.688308;0.747047;0.770302;0.675763;0.769396;0.733896;0.718872;0.703094;0.736913;0.715268;0.631832;0.695140;0.717311;0.616792;0.711877;0.700503;0.728596;0.700936;0.739327;0.720125;0.724611;0.714181;0.665224;0.568083;0.701404;0.696944;0.733774;0.700370;0.697468;0.792143;0.748272;0.709088;0.762183;0.730933;0.723741;0.708860;0.576362;0.707991;0.673648;0.707443;0.617349;0.734152;0.628008;0.753111;0.792388;0.746739;0.570642;0.704603;0.666130;0.717467;0.755944;0.335508;0.753202;0.732914;0.710571;0.718163;0.133353;0.780379;0.699603;0.697406;0.649381;0.708249;0.699104;0.686812;0.696231;0.698771;0.759406;0.566548;0.723795;0.742826;0.613474;0.719457;0.720186;0.740763;0.732745;0.722700;0.709162;0.746855
1225205;0.735835;0.656559;0.673408;0.812726;0.705244;0.719474;0.000000;0.650658;0.738678;0.671317;0.638855;0.657521;0.732049;0.696216;0.780024;0.666315;0.665268;0.674880;0.718347;0.670675;0.639272;0.654870;0.655929;0.731172;0.731739;0.687405;0.662861;0.615669;0.655151;0.620279;0.639265;0.700253;0.651154;0.633373;0.668054;0.666629;0.670084;0.712801;0.659899;0.640153;0.697471;0.708850;0.707550;0.658274;0.663265;0.729058;0.706111;0.627298;0.649881;0.818024;0.722749;0.654537;0.716496;0.702525;0.630065;0.668013;0.704133;0.654056;0.754315;0.741028;0.729582;0.663480;0.660506;0.647580;0.663228;0.627453;0.260224;0.669640;0.657662;0.701004;0.675294;0.662872;0.660228;0.651422;0.663496;0.789852;0.751502;0.672338;0.795656;0.636267;0.723095;0.662756;0.654141;0.647829;0.616211;0.755639;0.663640;0.665687;0.667623;0.712298;0.749529;0.658364;0.654146;0.662504;0.731810;0.707996;0.659316;0.658639;0.633027;0.679327;0.633533;0.733403;0.735415;0.637860;0.784045;0.660456;0.641327;0.652435;0.718856;0.708038;0.666343;0.656896;0.749216;0.619627;0.617688;0.662339;0.636997;0.663273;0.646525;0.672341;0.668425;0.662023;0.718266;0.732137;0.632723;0.801935;0.737282;0.655723;0.628200;0.725840;0.867113;0.730510;0.652825;0.716901;0.750347;0.729075;0.750304;0.620771;0.303744;0.665528;0.664710;0.636863;0.709430;0.617755;0.632429;0.705199;0.674691;0.621644;0.656156;0.666278;0.669029;0.636231;0.634657;0.627648;0.732523;0.711965;0.667919;0.673376;0.655202;0.675456;0.658685;0.867906;0.656960;0.675848;0.654940;0.654044;0.646305;0.660776;0.714018;0.636184;0.738039;0.638678;0.728168;0.655277;0.704803;0.803780;0.867759;0.718890;0.711876;0.680931;0.731430;0.305817;0.665029;0.722321;0.664261;0.812803;0.650135;0.263022;0.718514;0.764917;0.621802;0.656256;0.730586;0.672835;0.676940;0.758987;0.672713;0.619986;0.654239;0.710116;0.670734;0.712763;0.701146;0.650077;0.634204;0.819758;0.654492;0.631484;0.639397;0.719009
1624;0.780412;0.606515;0.706870;0.832785;0.724437;0.760151;0.650658;0.000000;0.776644;0.652689;0.664024;0.672170;0.773526;0.735583;0.812936;0.641066;0.698959;0.650641;0.758848;0.653616;0.664467;0.602750;0.605162;0.761735;0.774910;0.672024;0.689102;0.604606;0.688082;0.613885;0.665374;0.741694;0.654193;0.658709;0.718183;0.673327;0.704399;0.692502;0.676500;0.677134;0.739435;0.713677;0.731653;0.358681;0.692500;0.756944;0.748320;0.646546;0.678666;0.837822;0.763158;0.603361;0.696622;0.744596;0.648539;0.649720;0.709247;0.597000;0.744872;0.779754;0.769054;0.607125;0.593867;0.645186;0.603000;0.650448;0.642514;0.719796;0.661467;0.719836;0.660259;0.711100;0.607156;0.679109;0.683420;0.820450;0.740826;0.655951;0.825878;0.658744;0.751417;0.688758;0.599430;0.668529;0.607550;0.746435;0.683351;0.640709;0.605106;0.756685;0.738367;0.677028;0.686846;0.596421;0.771900;0.736810;0.685216;0.684656;0.669403;0.625122;0.659627;0.774325;0.774141;0.675902;0.816971;0.323097;0.666817;0.684578;0.700785;0.712334;0.646496;0.605232;0.738976;0.646660;0.611028;0.681013;0.656151;0.638714;0.646415;0.719552;0.653387;0.594813;0.741963;0.762461;0.668399;0.821968;0.776312;0.603764;0.653509;0.749720;0.889886;0.772675;0.652152;0.697874;0.738820;0.757394;0.739158;0.612099;0.647996;0.646605;0.607303;0.661891;0.738478;0.646599;0.654600;0.724654;0.680204;0.649556;0.676006;0.673751;0.613192;0.658704;0.653297;0.648967;0.776400;0.756396;0.652208;0.654188;0.600077;0.656257;0.664717;0.890772;0.600982;0.708402;0.350988;0.601417;0.673047;0.637850;0.757002;0.671752;0.779705;0.665737;0.754492;0.598885;0.733811;0.833387;0.890648;0.700737;0.755915;0.663254;0.774301;0.641190;0.601255;0.762642;0.610397;0.832859;0.679627;0.650092;0.758553;0.756834;0.648589;0.688952;0.754249;0.706692;0.662841;0.794824;0.657926;0.645287;0.343005;0.754739;0.718412;0.692440;0.719836;0.676278;0.654459;0.839304;0.599407;0.650911;0.666586;0.700875
1398;0.576691;0.745232;0.733656;0.773919;0.695295;0.665469;0.738678;0.776644;0.000000;0.699628;0.755883;0.682323;0.582452;0.594799;0.748352;0.758796;0.724491;0.762565;0.666116;0.756360;0.755493;0.748449;0.746816;0.636525;0.578085;0.750012;0.746944;0.750767;0.723764;0.749869;0.756727;0.592198;0.680113;0.726091;0.760214;0.690766;0.729917;0.709514;0.672668;0.745235;0.589362;0.682367;0.703295;0.781666;0.737322;0.642102;0.595712;0.735396;0.752712;0.779518;0.670110;0.745684;0.712287;0.589973;0.738094;0.755163;0.676636;0.767084;0.742387;0.248496;0.583463;0.743768;0.759948;0.687239;0.747998;0.714590;0.741787;0.760372;0.685949;0.692127;0.711895;0.758027;0.776322;0.754124;0.771384;0.763327;0.739438;0.711964;0.767924;0.736746;0.638337;0.748849;0.770450;0.758807;0.748634;0.743470;0.771960;0.757479;0.763226;0.672448;0.735454;0.768601;0.723576;0.762313;0.580595;0.697000;0.748102;0.753167;0.742137;0.754099;0.726437;0.584434;0.306632;0.744753;0.751963;0.781483;0.756508;0.721007;0.714080;0.683830;0.739623;0.759637;0.738685;0.729506;0.749744;0.674603;0.739154;0.755869;0.683343;0.763379;0.752010;0.761958;0.713793;0.635619;0.740101;0.763598;0.243019;0.771121;0.719388;0.720426;0.756384;0.578866;0.690473;0.714016;0.739420;0.641719;0.739246;0.755744;0.736786;0.753751;0.744968;0.731940;0.700032;0.723827;0.733743;0.696161;0.700779;0.729342;0.766045;0.686267;0.746555;0.736740;0.740564;0.729428;0.578127;0.672361;0.751555;0.742489;0.766967;0.747291;0.687085;0.756037;0.775309;0.734848;0.779749;0.747806;0.762287;0.746917;0.673361;0.743144;0.583106;0.743637;0.695568;0.767203;0.694723;0.768922;0.756331;0.713223;0.672702;0.750941;0.578297;0.735454;0.762236;0.670174;0.779320;0.774356;0.752661;0.738288;0.664882;0.749523;0.729989;0.723980;0.728505;0.733004;0.714316;0.415284;0.711133;0.729110;0.775297;0.670346;0.759174;0.709492;0.691492;0.743380;0.735726;0.780095;0.765533;0.739248;0.746438;0.713354
1348908;0.680749;0.611981;0.708072;0.820437;0.684274;0.718242;0.671317;0.652689;0.699628;0.000000;0.701389;0.643943;0.682676;0.612132;0.804376;0.692271;0.695428;0.695804;0.716743;0.706243;0.702146;0.617658;0.614166;0.611250;0.670857;0.697195;0.701949;0.641424;0.680902;0.647097;0.704865;0.623259;0.584613;0.682923;0.718565;0.612868;0.703757;0.529313;0.628917;0.693766;0.624776;0.541379;0.703100;0.669348;0.703084;0.599616;0.633063;0.684706;0.699393;0.826366;0.721850;0.613740;0.533059;0.626173;0.689156;0.701563;0.541455;0.673231;0.563426;0.703382;0.671066;0.580456;0.600972;0.582133;0.597248;0.663912;0.684335;0.719184;0.600484;0.675091;0.641335;0.713513;0.690340;0.700124;0.725514;0.819547;0.566885;0.644753;0.818745;0.696608;0.595736;0.699935;0.678258;0.701558;0.640777;0.567554;0.725826;0.689873;0.607444;0.711168;0.565166;0.717460;0.680034;0.616415;0.674141;0.719098;0.697480;0.709288;0.687193;0.601197;0.684159;0.681721;0.697753;0.693560;0.811717;0.659941;0.704529;0.675325;0.531454;0.537884;0.680930;0.675991;0.558761;0.666646;0.646746;0.639315;0.695478;0.686706;0.586361;0.720485;0.698185;0.605500;0.720538;0.612900;0.683378;0.806247;0.702387;0.682112;0.670769;0.729845;0.809620;0.664118;0.592009;0.531129;0.563507;0.598233;0.560995;0.662200;0.667246;0.698550;0.582870;0.692789;0.725080;0.657361;0.690252;0.684687;0.625010;0.667852;0.716219;0.603627;0.590262;0.696583;0.691409;0.681889;0.672287;0.710596;0.696081;0.681874;0.677211;0.692340;0.614412;0.811333;0.686122;0.710496;0.663026;0.614936;0.715471;0.671378;0.705436;0.687513;0.688688;0.677595;0.712387;0.674017;0.716975;0.819287;0.810819;0.531881;0.710181;0.704438;0.668935;0.665914;0.610112;0.722291;0.693937;0.820698;0.700509;0.672983;0.712500;0.582142;0.669309;0.682011;0.743523;0.708986;0.655148;0.729605;0.648218;0.666559;0.655914;0.708763;0.716938;0.529279;0.673249;0.691197;0.692160;0.826943;0.672745;0.691079;0.683805;0.531308
370552;0.755499;0.675378;0.660724;0.795256;0.707465;0.719405;0.638855;0.664024;0.755883;0.701389;0.000000;0.669762;0.750850;0.723563;0.771896;0.672839;0.653497;0.682015;0.717560;0.666792;0.266774;0.671235;0.671534;0.754028;0.752658;0.688572;0.656450;0.617330;0.646897;0.621543;0.268475;0.726900;0.675920;0.637941;0.649203;0.685394;0.656165;0.746178;0.678890;0.552725;0.723203;0.743350;0.699413;0.671228;0.651893;0.754766;0.731589;0.631946;0.636814;0.796304;0.722557;0.672333;0.749532;0.728567;0.633626;0.661916;0.738644;0.661497;0.785337;0.757241;0.750669;0.688187;0.682239;0.672247;0.685173;0.634316;0.623594;0.650935;0.678321;0.704493;0.686486;0.642560;0.666699;0.639895;0.646662;0.779461;0.782437;0.680042;0.785067;0.635702;0.748108;0.656564;0.663942;0.631923;0.615350;0.787556;0.647421;0.673049;0.690637;0.713279;0.781526;0.637702;0.645937;0.682273;0.752966;0.706012;0.653456;0.646164;0.546351;0.701407;0.633693;0.751363;0.750241;0.553009;0.774839;0.674254;0.278926;0.645485;0.752547;0.742595;0.665189;0.665087;0.780653;0.628710;0.618407;0.676848;0.633633;0.671284;0.672146;0.650100;0.667725;0.683263;0.706573;0.755197;0.551486;0.786104;0.752542;0.664428;0.634432;0.715201;0.873522;0.752791;0.676384;0.750470;0.781454;0.755001;0.781551;0.615574;0.638477;0.661737;0.689829;0.636214;0.704596;0.628981;0.632995;0.707380;0.692715;0.630110;0.641371;0.687696;0.693644;0.635656;0.637683;0.630115;0.753038;0.712363;0.667215;0.676172;0.664670;0.675192;0.677768;0.874090;0.663473;0.658100;0.668337;0.671210;0.262664;0.673322;0.716601;0.547298;0.757038;0.633395;0.727537;0.661848;0.702893;0.799144;0.874093;0.752498;0.712712;0.676875;0.752718;0.632663;0.687081;0.721717;0.671386;0.795235;0.636410;0.636567;0.717097;0.796019;0.629619;0.647174;0.715331;0.659628;0.684015;0.772052;0.680869;0.626234;0.669960;0.711347;0.651415;0.746134;0.704035;0.642285;0.633083;0.802520;0.665324;0.636112;0.631381;0.751631
525318;0.683268;0.646785;0.683827;0.764434;0.621861;0.641663;0.657521;0.672170;0.682323;0.643943;0.669762;0.000000;0.682516;0.647128;0.756853;0.661467;0.672116;0.669278;0.639372;0.660614;0.671929;0.646107;0.640686;0.672193;0.677966;0.659928;0.689978;0.651107;0.665898;0.656148;0.674656;0.652939;0.617672;0.664702;0.700417;0.635996;0.678374;0.682766;0.641732;0.666767;0.650704;0.675423;0.636066;0.682290;0.679848;0.672583;0.659371;0.665716;0.673035;0.754794;0.646488;0.645504;0.686591;0.653468;0.667969;0.652862;0.671680;0.654499;0.718677;0.684272;0.679197;0.645546;0.659758;0.614799;0.647776;0.653281;0.657432;0.700760;0.628319;0.616012;0.641381;0.694390;0.676218;0.675716;0.693533;0.770099;0.712795;0.637857;0.759581;0.672273;0.665507;0.690582;0.668944;0.670957;0.650453;0.724600;0.694045;0.660394;0.666836;0.641262;0.718605;0.684220;0.665565;0.663388;0.681992;0.620322;0.687637;0.689926;0.657972;0.648891;0.662913;0.682228;0.676222;0.665876;0.762341;0.679168;0.673904;0.662864;0.688227;0.674359;0.637240;0.654730;0.709916;0.639440;0.654660;0.338837;0.668083;0.657449;0.617996;0.687586;0.656629;0.662127;0.647646;0.673645;0.658478;0.751457;0.679399;0.669639;0.658364;0.658761;0.828240;0.676674;0.611415;0.687345;0.711810;0.672244;0.711016;0.660009;0.656046;0.653783;0.647892;0.668209;0.622477;0.635019;0.668030;0.621924;0.646479;0.641364;0.686071;0.634041;0.652442;0.672238;0.671457;0.660178;0.678312;0.640375;0.655198;0.644681;0.658185;0.649920;0.644425;0.829051;0.672007;0.677979;0.679106;0.645792;0.681500;0.650615;0.641833;0.662965;0.688884;0.662212;0.646004;0.649045;0.616738;0.781088;0.829000;0.688295;0.640863;0.657398;0.677793;0.652698;0.664983;0.646410;0.680566;0.764682;0.673997;0.657333;0.624354;0.734135;0.640994;0.666543;0.667800;0.682688;0.644122;0.707287;0.639626;0.637475;0.675143;0.638986;0.701060;0.682718;0.614123;0.678850;0.669175;0.772273;0.656584;0.669222;0.664703;0.687437
692420;0.517645;0.737212;0.730823;0.782031;0.688443;0.668333;0.732049;0.773526;0.582452;0.682676;0.750850;0.682516;0.000000;0.526597;0.753650;0.758318;0.720851;0.761338;0.668680;0.756638;0.750511;0.741239;0.739037;0.603228;0.519967;0.749786;0.741713;0.741599;0.718801;0.740465;0.752127;0.523293;0.674459;0.722931;0.747881;0.678764;0.727327;0.689943;0.663443;0.739744;0.519364;0.650213;0.700750;0.779072;0.734762;0.608704;0.527839;0.733760;0.743044;0.788315;0.673043;0.738026;0.692612;0.519042;0.736651;0.755377;0.643439;0.766934;0.721689;0.581953;0.393942;0.732763;0.747672;0.682550;0.738366;0.710045;0.737287;0.747659;0.673524;0.684152;0.700236;0.745295;0.775791;0.744854;0.765233;0.770945;0.719357;0.701608;0.773925;0.735551;0.605667;0.742615;0.769674;0.751137;0.738979;0.722708;0.765747;0.756529;0.751273;0.669440;0.715339;0.762040;0.718757;0.751278;0.387512;0.699172;0.742257;0.749105;0.736454;0.743827;0.723229;0.386036;0.582105;0.739103;0.758932;0.778131;0.752067;0.716037;0.694286;0.651619;0.740575;0.759030;0.718199;0.724142;0.740477;0.673959;0.737981;0.754876;0.679339;0.751047;0.751161;0.750009;0.713420;0.602255;0.734123;0.770551;0.582604;0.770299;0.715409;0.720040;0.728718;0.520059;0.685721;0.693610;0.719603;0.608260;0.719010;0.747932;0.729685;0.753568;0.733818;0.729757;0.703121;0.717473;0.732012;0.689057;0.689681;0.724014;0.759207;0.673226;0.735802;0.735539;0.739193;0.727140;0.519300;0.669361;0.750091;0.742397;0.766807;0.748177;0.676217;0.728381;0.775041;0.732653;0.776894;0.740381;0.758290;0.744542;0.668551;0.736893;0.384926;0.732360;0.687767;0.766941;0.696879;0.773067;0.728692;0.693249;0.669881;0.752768;0.519998;0.728802;0.750497;0.673054;0.779083;0.782501;0.743073;0.732018;0.666763;0.729790;0.724926;0.719392;0.729991;0.730495;0.704821;0.611830;0.700922;0.723989;0.772387;0.667377;0.746762;0.689944;0.683358;0.737368;0.734260;0.788518;0.765113;0.737996;0.735865;0.693440
1230477;0.532054;0.692891;0.707492;0.787293;0.665893;0.656840;0.696216;0.735583;0.594799;0.612132;0.723563;0.647128;0.526597;0.000000;0.756153;0.728218;0.694480;0.731001;0.655805;0.730691;0.723154;0.696831;0.694821;0.556217;0.524086;0.725350;0.715622;0.700724;0.687493;0.702389;0.726578;0.251894;0.620644;0.695791;0.719987;0.630597;0.702911;0.624206;0.620085;0.710871;0.255888;0.578130;0.682902;0.745952;0.709679;0.557621;0.268073;0.706405;0.714828;0.793725;0.660862;0.693909;0.627595;0.407505;0.710376;0.727989;0.574708;0.734067;0.652127;0.596402;0.515273;0.679553;0.699105;0.628974;0.690402;0.678018;0.707407;0.719907;0.624213;0.658362;0.664112;0.715705;0.745489;0.716990;0.743150;0.775300;0.652820;0.665616;0.775625;0.711162;0.552617;0.715189;0.737901;0.723197;0.697868;0.655030;0.743632;0.726322;0.703782;0.651823;0.650380;0.737409;0.687309;0.707565;0.518130;0.683504;0.713613;0.723332;0.705711;0.695152;0.695348;0.523927;0.591340;0.710424;0.763112;0.741810;0.725247;0.683304;0.626215;0.577186;0.713047;0.728059;0.648856;0.689337;0.702210;0.637102;0.712373;0.723734;0.626621;0.722859;0.723074;0.702529;0.698050;0.558133;0.702334;0.773513;0.594344;0.738761;0.684995;0.707302;0.736692;0.519346;0.633712;0.627624;0.652447;0.556113;0.650812;0.713776;0.693945;0.725358;0.682026;0.704036;0.688150;0.680371;0.706063;0.666400;0.644375;0.690093;0.735438;0.622495;0.686396;0.711142;0.712349;0.698858;0.524057;0.651613;0.721628;0.715145;0.735156;0.723239;0.631369;0.737529;0.743551;0.708884;0.742275;0.695755;0.734897;0.710758;0.646961;0.705825;0.529778;0.699336;0.672438;0.734171;0.680870;0.775054;0.737318;0.626523;0.650917;0.730858;0.522632;0.693363;0.704424;0.662007;0.749304;0.787648;0.715583;0.697530;0.652400;0.663649;0.691055;0.688141;0.720476;0.707484;0.672750;0.630681;0.667590;0.688444;0.736765;0.649073;0.718754;0.624183;0.657268;0.707447;0.708223;0.794406;0.732477;0.711815;0.704563;0.626746
767455;0.749603;0.811719;0.745545;0.731772;0.743964;0.725919;0.780024;0.812936;0.748352;0.804376;0.771896;0.756853;0.753650;0.756153;0.000000;0.772534;0.741294;0.775823;0.726338;0.755054;0.770855;0.811992;0.811762;0.770189;0.752087;0.773995;0.764445;0.793226;0.747429;0.791579;0.771284;0.754218;0.779927;0.769043;0.765333;0.782524;0.742664;0.826627;0.768270;0.763985;0.751117;0.808567;0.732682;0.812874;0.753412;0.774530;0.756324;0.773247;0.757620;0.733792;0.729249;0.810885;0.828946;0.754570;0.773363;0.756024;0.804930;0.789607;0.850145;0.747445;0.758585;0.821771;0.824355;0.783258;0.820343;0.765506;0.773539;0.765212;0.780270;0.744366;0.799988;0.764446;0.788913;0.761395;0.771871;0.372059;0.848132;0.797865;0.366368;0.771121;0.770477;0.766395;0.789353;0.768888;0.791693;0.850343;0.772444;0.771241;0.828476;0.725543;0.846159;0.771711;0.748816;0.823672;0.757779;0.723226;0.766173;0.762075;0.760547;0.828575;0.766907;0.756800;0.746257;0.762555;0.340315;0.817085;0.772011;0.748204;0.830370;0.809657;0.763719;0.781804;0.846895;0.777882;0.790837;0.755977;0.773784;0.771359;0.779559;0.767666;0.751846;0.825227;0.734954;0.769659;0.763687;0.729201;0.745208;0.785109;0.768413;0.739494;0.830042;0.754283;0.784906;0.829232;0.847687;0.775394;0.847586;0.790704;0.779773;0.755148;0.821622;0.768829;0.721353;0.775522;0.770282;0.743737;0.788517;0.777424;0.769760;0.782722;0.823140;0.771110;0.776204;0.770042;0.752495;0.725543;0.755624;0.768425;0.787420;0.767740;0.776571;0.829121;0.792834;0.744134;0.812207;0.812151;0.772228;0.768045;0.731256;0.765221;0.756849;0.759679;0.739857;0.789865;0.720363;0.365889;0.829733;0.829999;0.726867;0.768351;0.752730;0.777281;0.826370;0.728033;0.794966;0.732140;0.756793;0.777731;0.728743;0.855238;0.777213;0.747952;0.736528;0.744150;0.797676;0.756744;0.796295;0.777149;0.810933;0.724870;0.768558;0.826604;0.744892;0.761381;0.772133;0.736468;0.787684;0.774269;0.759614;0.830065
880633;0.761724;0.656887;0.700317;0.800419;0.696027;0.718472;0.666315;0.641066;0.758796;0.692271;0.672839;0.661467;0.758318;0.728218;0.772534;0.000000;0.693175;0.343170;0.718125;0.592113;0.673118;0.654162;0.655576;0.754864;0.758489;0.669663;0.697197;0.650664;0.690806;0.655192;0.672852;0.731873;0.672049;0.672037;0.708785;0.689442;0.697692;0.729836;0.685427;0.678310;0.729123;0.733480;0.701731;0.645755;0.695443;0.753426;0.737434;0.665305;0.679852;0.805842;0.722249;0.654076;0.733501;0.734641;0.666826;0.595531;0.729222;0.594351;0.772637;0.760887;0.757237;0.665637;0.663716;0.666290;0.660754;0.668307;0.656921;0.709573;0.680702;0.693299;0.681022;0.703134;0.626429;0.682043;0.688756;0.779602;0.769278;0.677166;0.789187;0.673002;0.748022;0.697401;0.618790;0.677588;0.651702;0.773605;0.689256;0.292812;0.671534;0.714968;0.767297;0.685011;0.690596;0.663415;0.758997;0.702547;0.694476;0.691836;0.671751;0.679815;0.672012;0.760646;0.755757;0.677112;0.776857;0.650962;0.674393;0.689224;0.736427;0.733237;0.645635;0.597393;0.767424;0.659797;0.652778;0.668277;0.672364;0.291811;0.665347;0.711059;0.591003;0.664809;0.710120;0.755646;0.672709;0.789924;0.757382;0.620028;0.669604;0.717845;0.876125;0.757739;0.671478;0.734530;0.767878;0.753791;0.767857;0.652794;0.664868;0.589583;0.665845;0.673779;0.703683;0.659477;0.670160;0.696050;0.695481;0.662104;0.683016;0.690191;0.669476;0.672978;0.671510;0.666335;0.759670;0.714657;0.594173;0.652868;0.591716;0.653412;0.680397;0.876834;0.622875;0.701767;0.643116;0.653726;0.677934;0.343833;0.718203;0.675702;0.764462;0.673223;0.722327;0.595569;0.699450;0.797485;0.876807;0.736398;0.715620;0.659511;0.758321;0.659553;0.667724;0.721282;0.626703;0.800634;0.680729;0.665040;0.718313;0.782344;0.660853;0.691748;0.720353;0.699118;0.680494;0.776007;0.676990;0.659320;0.644239;0.712889;0.710274;0.729786;0.693682;0.686491;0.671377;0.807700;0.592257;0.668030;0.673369;0.736516
1318;0.717435;0.706684;0.464619;0.771840;0.698541;0.701237;0.665268;0.698959;0.724491;0.695428;0.653497;0.672116;0.720851;0.694480;0.741294;0.693175;0.000000;0.700728;0.699744;0.681898;0.651897;0.704831;0.705477;0.718849;0.715315;0.700837;0.637462;0.661215;0.625646;0.663581;0.655152;0.696963;0.676297;0.639632;0.674774;0.670345;0.421600;0.736789;0.661977;0.646032;0.693314;0.729604;0.687934;0.705799;0.635196;0.721178;0.701478;0.639880;0.629630;0.774764;0.704441;0.704631;0.740419;0.698072;0.639950;0.679501;0.725443;0.693699;0.774204;0.725426;0.720924;0.713066;0.712038;0.675774;0.713065;0.634249;0.656139;0.675005;0.664549;0.695831;0.697257;0.669883;0.696400;0.635705;0.655148;0.751264;0.771644;0.691736;0.758531;0.641690;0.714077;0.636566;0.693159;0.642941;0.659287;0.775823;0.656368;0.692973;0.719149;0.692206;0.769867;0.648998;0.625685;0.713656;0.722967;0.684274;0.633131;0.627400;0.638322;0.726662;0.635628;0.722077;0.719788;0.643822;0.743861;0.708908;0.655273;0.624692;0.742562;0.729077;0.680023;0.691940;0.769796;0.655655;0.661261;0.675404;0.642589;0.691306;0.673449;0.677443;0.681088;0.713519;0.694837;0.720106;0.641253;0.762828;0.720649;0.692635;0.636089;0.703904;0.840084;0.716058;0.679431;0.740970;0.771194;0.721308;0.770493;0.663953;0.664478;0.677985;0.714445;0.639125;0.682461;0.653276;0.639051;0.699142;0.679384;0.656774;0.648510;0.672289;0.718399;0.641659;0.644792;0.635776;0.716340;0.691649;0.680539;0.688893;0.694648;0.690109;0.661966;0.840303;0.694167;0.424471;0.703714;0.704626;0.659447;0.690455;0.695120;0.644322;0.726369;0.627000;0.708187;0.694559;0.680836;0.771003;0.840567;0.742574;0.692023;0.692643;0.715693;0.659365;0.716615;0.703864;0.700889;0.772113;0.629306;0.663206;0.700332;0.784081;0.656926;0.627116;0.704644;0.464900;0.694607;0.742712;0.692114;0.653932;0.702251;0.690253;0.679130;0.736754;0.696052;0.622367;0.640579;0.779188;0.694729;0.642359;0.628303;0.742545
326425;0.764243;0.664573;0.707963;0.805370;0.702019;0.723977;0.674880;0.650641;0.762565;0.695804;0.682015;0.669278;0.761338;0.731001;0.775823;0.343170;0.700728;0.000000;0.723791;0.608073;0.682267;0.662411;0.663593;0.756597;0.761003;0.677941;0.705084;0.659891;0.698375;0.663792;0.681990;0.734805;0.677298;0.680831;0.715673;0.694591;0.705389;0.731416;0.691129;0.686869;0.732304;0.734116;0.708057;0.655331;0.703458;0.754757;0.740371;0.675375;0.688405;0.810861;0.727843;0.662127;0.735000;0.737379;0.677115;0.610958;0.730250;0.607881;0.771977;0.764641;0.760035;0.671836;0.670618;0.671928;0.667982;0.676786;0.666899;0.716643;0.685980;0.699146;0.688022;0.710510;0.635802;0.690452;0.697489;0.782481;0.769136;0.684687;0.792703;0.682559;0.749584;0.705003;0.630028;0.686623;0.660464;0.772895;0.697802;0.319022;0.678023;0.720374;0.767070;0.694229;0.697977;0.670901;0.761720;0.709440;0.702129;0.700455;0.680732;0.685678;0.681127;0.763621;0.759908;0.685654;0.782022;0.660143;0.683362;0.696628;0.737513;0.733965;0.655811;0.610624;0.767008;0.668580;0.661563;0.675398;0.681825;0.325900;0.671032;0.718363;0.604492;0.671791;0.716764;0.757402;0.681392;0.795132;0.761506;0.631454;0.677970;0.723916;0.876268;0.759935;0.677056;0.735677;0.767624;0.755037;0.767598;0.662288;0.673543;0.604043;0.671930;0.683061;0.710978;0.667844;0.679724;0.701964;0.700439;0.670754;0.691959;0.694933;0.675504;0.682529;0.681424;0.675590;0.762139;0.720076;0.608956;0.662193;0.605273;0.663143;0.686160;0.876983;0.634605;0.709539;0.652864;0.661876;0.687167;0.365482;0.722938;0.684223;0.767439;0.681142;0.727848;0.609132;0.706663;0.799423;0.876941;0.737506;0.721026;0.669707;0.760692;0.668685;0.674590;0.727072;0.637790;0.805492;0.689568;0.673776;0.724081;0.781402;0.669633;0.699147;0.727116;0.706881;0.688036;0.779598;0.684343;0.668272;0.653303;0.718359;0.717046;0.731370;0.699310;0.694510;0.681006;0.812270;0.604988;0.677987;0.681607;0.737615
1457191;0.666576;0.729505;0.709046;0.732533;0.615126;0.310731;0.718347;0.758848;0.666116;0.716743;0.717560;0.639372;0.668680;0.655805;0.726338;0.718125;0.699744;0.723791;0.000000;0.704871;0.716801;0.729251;0.729587;0.667582;0.664437;0.708314;0.726516;0.729884;0.695726;0.731785;0.720377;0.658044;0.680529;0.712838;0.721403;0.701722;0.704597;0.742687;0.684606;0.707651;0.655700;0.719015;0.624370;0.765428;0.709682;0.674696;0.661444;0.719960;0.709968;0.735790;0.348626;0.728762;0.745930;0.655354;0.721005;0.702356;0.715416;0.732277;0.771267;0.665927;0.669451;0.734162;0.752046;0.685593;0.736567;0.703519;0.718411;0.720715;0.698668;0.611076;0.699268;0.717102;0.749516;0.714518;0.733692;0.741663;0.770203;0.695744;0.744989;0.719482;0.667587;0.728048;0.744998;0.720309;0.727611;0.772658;0.734256;0.716375;0.757074;0.568226;0.768260;0.728758;0.696206;0.754489;0.671431;0.629788;0.726423;0.726306;0.699638;0.746667;0.708694;0.669963;0.659704;0.706580;0.730111;0.766398;0.718150;0.694503;0.746362;0.718574;0.690563;0.724689;0.767674;0.698974;0.730847;0.633115;0.719585;0.714151;0.680955;0.721930;0.701139;0.754317;0.631902;0.669133;0.702787;0.721153;0.660607;0.743723;0.708849;0.643696;0.792372;0.665588;0.687948;0.746865;0.769898;0.675173;0.768673;0.733993;0.718438;0.700970;0.736408;0.713408;0.628928;0.694782;0.716649;0.615505;0.711939;0.700191;0.729081;0.700249;0.739058;0.719450;0.722966;0.712271;0.664176;0.568247;0.700813;0.697596;0.733308;0.700971;0.697958;0.792330;0.747065;0.707410;0.763330;0.729733;0.723711;0.708406;0.570266;0.706260;0.673926;0.707207;0.615293;0.732528;0.627315;0.753663;0.792583;0.746491;0.567842;0.705403;0.665131;0.717245;0.755660;0.265856;0.753290;0.732734;0.710432;0.717951;0.318621;0.779695;0.699248;0.695602;0.649287;0.707710;0.699009;0.687616;0.696336;0.696809;0.760123;0.566301;0.723369;0.742650;0.610985;0.718832;0.718302;0.740803;0.732342;0.722039;0.709039;0.746604
695562;0.759816;0.668949;0.688392;0.783568;0.686796;0.705510;0.670675;0.653616;0.756360;0.706243;0.666792;0.660614;0.756638;0.730691;0.755054;0.592113;0.681898;0.608073;0.704871;0.000000;0.666889;0.666029;0.667484;0.756942;0.757435;0.666825;0.690393;0.657903;0.681916;0.662192;0.666596;0.733815;0.678866;0.670466;0.704269;0.692331;0.685890;0.742372;0.684286;0.671321;0.730531;0.744449;0.687922;0.657522;0.685514;0.756770;0.738932;0.664234;0.667574;0.787995;0.709591;0.665984;0.746056;0.736149;0.664844;0.279459;0.740093;0.593436;0.784689;0.758208;0.756751;0.680107;0.679108;0.673980;0.674496;0.668272;0.658914;0.704932;0.684342;0.685385;0.682628;0.698903;0.632509;0.670987;0.678124;0.762985;0.781090;0.677903;0.772302;0.669633;0.750810;0.691199;0.627766;0.668307;0.658369;0.785728;0.678358;0.593887;0.686954;0.701911;0.779288;0.674359;0.682006;0.678129;0.758325;0.688661;0.688137;0.683129;0.664782;0.693832;0.668958;0.759175;0.753221;0.669962;0.758053;0.664171;0.668188;0.680841;0.749004;0.744663;0.642205;0.594605;0.779672;0.657757;0.659649;0.668106;0.669376;0.591760;0.672276;0.706856;0.265847;0.680151;0.695328;0.757665;0.667421;0.774153;0.754263;0.625784;0.668907;0.703050;0.873426;0.757455;0.678448;0.747270;0.780010;0.757136;0.780034;0.657756;0.669967;0.355914;0.680161;0.670306;0.688385;0.657894;0.667346;0.687524;0.698456;0.659748;0.673213;0.694111;0.683820;0.669611;0.669967;0.664667;0.758547;0.701605;0.274870;0.650485;0.589793;0.649933;0.682394;0.873931;0.630216;0.688697;0.654609;0.665935;0.670567;0.599510;0.706315;0.669975;0.762774;0.664504;0.709195;0.594874;0.685211;0.783881;0.873977;0.748968;0.702091;0.654213;0.757557;0.664534;0.682832;0.708014;0.634539;0.783682;0.668197;0.668829;0.706388;0.794198;0.658198;0.682943;0.703169;0.687146;0.680102;0.773103;0.677120;0.656644;0.656826;0.699872;0.706654;0.742322;0.686019;0.679359;0.668766;0.790871;0.591294;0.666340;0.663626;0.749074
