;279010;698737;1114965;712938;220668;568704;1225205;1624;1398;1348908;370552;525318;692420;1230477;767455;880633;1318;326425;1457191;695562;1390082;904354;883164;1333862;1402;491077;453366;1154861;1214192;1154879;370554;565143;1391469;1353243;40041;1138890;1073372;260799;1260356;759913;224308;1348623;1350467;1041521;568814;1052684;1315975;862967;347253;575599;1300223;1034809;281309;1236548;862966;695563;545693;1226678;1324966;345219;1390372;1116220;979222;1157358;93061;1095729;210007;1051072;1157475;1350466;1266717;1381085;1037411;1048332;322159;390333;1053233;283734;1269760;862968;1333863;453365;257314;1433289;1154776;180862;1308;1587;1344987;1215914;529122;1436725;1214218;176280;1126211;511437;453362;171101;1000589;1422305;1163301;1198291;1298921;663954;1050107;1273133;1314;1214210;212045;1404;1598;1579;1053174;981539;1154876;525310;857292;767462;226185;681573;1604;1155131;1580;1429244;119602;1381124;1245026;909954;862971;1384064;997761;1232672;1151189;226900;1053215;886882;718222;208435;1225186;1423723;663951;706437;1423728;1258574;862969;1327988;1138915;990317;1051074;1391465;931437;696216;1248420;76860;1131732;1312920;695560;349123;272621;1358027;333849;1036673;33959;888048;1029822;1409679;160490;1226335;1051653;452436;1333538;1200793;1382301;525306;1071400;29397;1116391;568206;1051657;557436;1368424;1225194;1344989;568703;1408186;334390;1304;1225196;525361;79672;637909;1323698;387344;760570;984892;1121088;937773;53354;362948;1318635;553482;198094;1304889;487214;1035184;767453;1226679;1316583;1074494;1412842
279010;0.000000;0.659965;0.630434;0.692093;0.578058;0.545386;0.640645;0.710179;0.421926;0.585258;0.670936;0.575504;0.339201;0.368929;0.657236;0.676613;0.616704;0.675425;0.546017;0.678615;0.669480;0.666050;0.663247;0.475766;0.083773;0.661127;0.644821;0.660433;0.615659;0.657615;0.672538;0.363076;0.563861;0.632556;0.659881;0.562869;0.626056;0.605265;0.546261;0.649615;0.361745;0.548175;0.594634;0.716849;0.638957;0.487824;0.363481;0.649775;0.653537;0.707887;0.548370;0.661883;0.608235;0.356211;0.653535;0.677614;0.540149;0.699669;0.650525;0.422759;0.337205;0.655975;0.676526;0.579070;0.663934;0.613785;0.657513;0.659271;0.558136;0.573149;0.600976;0.659221;0.708797;0.654445;0.684862;0.685401;0.644185;0.605354;0.692063;0.652316;0.479891;0.645243;0.701596;0.665714;0.656754;0.650317;0.685179;0.673603;0.677387;0.541291;0.638553;0.681800;0.615657;0.681041;0.334279;0.587881;0.645112;0.660676;0.648704;0.669600;0.633451;0.340897;0.423164;0.650282;0.670119;0.713225;0.671586;0.611741;0.611032;0.550449;0.657956;0.687374;0.644864;0.635731;0.658028;0.562350;0.655562;0.671631;0.573766;0.666668;0.668103;0.679409;0.609718;0.476405;0.642839;0.672733;0.424863;0.701235;0.621673;0.614196;0.655892;0.112708;0.580793;0.610507;0.644221;0.487056;0.645087;0.669919;0.637477;0.675132;0.657136;0.643772;0.596678;0.626148;0.646905;0.577347;0.577320;0.634536;0.677311;0.554456;0.658869;0.652319;0.654376;0.640874;0.217706;0.541416;0.666744;0.655668;0.698641;0.665645;0.559342;0.655185;0.709504;0.633471;0.713891;0.665476;0.681131;0.654073;0.536454;0.646239;0.339683;0.637653;0.572723;0.699867;0.586392;0.673494;0.655347;0.610512;0.541949;0.672654;0.091828;0.639916;0.677914;0.550500;0.712360;0.692776;0.653977;0.641487;0.543547;0.657406;0.636469;0.615847;0.634309;0.630499;0.608819;0.460899;0.604946;0.635859;0.707310;0.539226;0.657139;0.605294;0.571532;0.643204;0.651006;0.699993;0.695575;0.654906;0.643985;0.610787
698737;0.659965;0.000000;0.590782;0.739437;0.575697;0.621832;0.507645;0.454218;0.651315;0.494403;0.535690;0.507593;0.647419;0.596517;0.722329;0.509968;0.581244;0.517500;0.621133;0.530045;0.535706;0.102714;0.056290;0.648141;0.654838;0.537119;0.566347;0.456272;0.563068;0.465180;0.535237;0.602663;0.481904;0.527164;0.596885;0.526436;0.588920;0.552943;0.532963;0.541487;0.599388;0.581208;0.589731;0.469174;0.570593;0.643824;0.609769;0.519861;0.551401;0.753955;0.624403;0.050398;0.559228;0.608714;0.523786;0.526763;0.572195;0.475564;0.645744;0.656238;0.644960;0.367698;0.370010;0.470724;0.353270;0.514367;0.514414;0.598326;0.509998;0.571641;0.433185;0.591949;0.505988;0.550685;0.566523;0.736520;0.634178;0.437246;0.747151;0.535488;0.634923;0.567313;0.492768;0.544602;0.460265;0.646919;0.566638;0.507586;0.375660;0.615707;0.629051;0.562094;0.561274;0.367440;0.647255;0.603251;0.562890;0.572395;0.535224;0.391245;0.531430;0.651699;0.651678;0.541495;0.733264;0.466241;0.537886;0.558531;0.568068;0.581346;0.514161;0.478920;0.635463;0.496767;0.462691;0.517700;0.534236;0.504109;0.472524;0.603450;0.523045;0.372462;0.603952;0.649075;0.531895;0.721898;0.654699;0.497094;0.519917;0.608484;0.831179;0.652289;0.480393;0.563247;0.632031;0.643877;0.634714;0.470143;0.502415;0.522232;0.364103;0.537767;0.609958;0.493102;0.528821;0.575593;0.533804;0.498677;0.556551;0.523531;0.367715;0.535458;0.527256;0.522058;0.656195;0.615533;0.520809;0.518447;0.477685;0.525906;0.511997;0.832123;0.502852;0.596274;0.462766;0.106954;0.546426;0.489810;0.616702;0.536718;0.656938;0.531357;0.619419;0.477776;0.600709;0.742465;0.831865;0.567872;0.616048;0.536694;0.654129;0.501726;0.370468;0.624573;0.509986;0.739580;0.553688;0.508088;0.621885;0.661370;0.498741;0.563642;0.621500;0.590942;0.443218;0.672920;0.434477;0.498033;0.457663;0.613638;0.594914;0.552851;0.571671;0.557468;0.532239;0.747112;0.473518;0.525387;0.534703;0.568049
1114965;0.630434;0.590782;0.000000;0.646410;0.581436;0.573961;0.506395;0.578267;0.621400;0.610504;0.482399;0.539481;0.627565;0.608592;0.605887;0.547734;0.302795;0.556906;0.573157;0.528192;0.479020;0.589001;0.590207;0.667778;0.631831;0.550271;0.447738;0.515156;0.443609;0.516429;0.481070;0.607834;0.561597;0.464657;0.516344;0.545472;0.301968;0.673849;0.532437;0.466538;0.601049;0.672493;0.545774;0.582552;0.441508;0.674868;0.609928;0.466097;0.447966;0.659130;0.576018;0.588238;0.678551;0.611241;0.464196;0.528518;0.664707;0.561878;0.735539;0.622154;0.634902;0.613121;0.605405;0.561650;0.607821;0.463752;0.496161;0.516403;0.538935;0.583038;0.571603;0.514422;0.557900;0.453531;0.472539;0.620053;0.728052;0.565618;0.638699;0.463536;0.663452;0.451756;0.555282;0.464295;0.513848;0.736140;0.473789;0.546669;0.610110;0.563493;0.724516;0.469051;0.444820;0.602381;0.636558;0.536867;0.446650;0.436277;0.461570;0.629768;0.459824;0.632498;0.617014;0.464262;0.614609;0.589553;0.483124;0.444914;0.684267;0.673324;0.526607;0.553423;0.728655;0.510591;0.512668;0.551129;0.468708;0.544560;0.556780;0.524923;0.526620;0.606521;0.548728;0.668902;0.465825;0.633148;0.616630;0.552868;0.465081;0.551834;0.804565;0.635665;0.563724;0.680874;0.727335;0.675463;0.728089;0.510969;0.505653;0.527152;0.613376;0.463907;0.534335;0.510055;0.460956;0.580590;0.554194;0.510378;0.464758;0.551037;0.617030;0.463512;0.470012;0.462694;0.632837;0.563141;0.527437;0.537778;0.560060;0.536317;0.526988;0.804166;0.558414;0.313752;0.581104;0.589107;0.485879;0.543002;0.572278;0.468924;0.636718;0.451158;0.595657;0.563534;0.532805;0.645841;0.804567;0.684195;0.565380;0.535766;0.632822;0.502801;0.606442;0.575881;0.563853;0.646798;0.446640;0.502183;0.577508;0.746260;0.510951;0.445617;0.552281;0.238384;0.564654;0.634904;0.563709;0.510053;0.579508;0.562512;0.523022;0.673791;0.583718;0.435663;0.465848;0.656221;0.560672;0.467232;0.449041;0.684307
712938;0.692093;0.739437;0.646410;0.000000;0.607290;0.602960;0.705371;0.746609;0.672296;0.747812;0.677183;0.651160;0.690760;0.703192;0.582082;0.691310;0.644665;0.697646;0.602705;0.664141;0.675507;0.739177;0.739516;0.723636;0.695473;0.659219;0.677382;0.715513;0.659137;0.715143;0.676687;0.701643;0.700023;0.687607;0.685171;0.715917;0.644225;0.778237;0.703632;0.666224;0.697641;0.766251;0.571547;0.745362;0.658278;0.731880;0.701862;0.691155;0.663117;0.250042;0.604579;0.738314;0.781029;0.702507;0.690220;0.666423;0.761294;0.713448;0.814853;0.671188;0.699770;0.756412;0.758472;0.704241;0.752353;0.683109;0.699810;0.684557;0.714067;0.612683;0.708707;0.685668;0.716907;0.667234;0.673744;0.588370;0.810082;0.705846;0.610611;0.686960;0.724621;0.682368;0.716657;0.673588;0.714388;0.814319;0.674284;0.690913;0.760370;0.612373;0.807298;0.673791;0.659716;0.754839;0.699878;0.586243;0.681278;0.675132;0.662674;0.765364;0.684317;0.694967;0.668088;0.665583;0.580412;0.751492;0.676419;0.661355;0.784281;0.767674;0.646641;0.697878;0.810332;0.695245;0.713529;0.653466;0.690021;0.690199;0.698281;0.689437;0.665015;0.759320;0.565046;0.723919;0.668086;0.222334;0.665993;0.713436;0.688943;0.563630;0.800497;0.699373;0.705028;0.782416;0.809603;0.733119;0.809748;0.710541;0.705086;0.666160;0.756599;0.686136;0.581810;0.694710;0.686368;0.606026;0.722450;0.694757;0.673040;0.717862;0.757890;0.686951;0.691832;0.688366;0.696716;0.612272;0.666295;0.654872;0.711185;0.650558;0.707224;0.798764;0.718465;0.644411;0.745359;0.739931;0.675754;0.688219;0.622655;0.669669;0.696613;0.670467;0.602984;0.713970;0.584266;0.624863;0.799857;0.784103;0.613763;0.647319;0.696612;0.705003;0.757783;0.604815;0.720777;0.075045;0.661772;0.702474;0.609017;0.820428;0.694620;0.658625;0.553810;0.644364;0.703698;0.676930;0.703500;0.694472;0.743770;0.613158;0.690102;0.778220;0.613311;0.677806;0.689664;0.213549;0.711996;0.690802;0.668845;0.784143
220668;0.578058;0.575697;0.581436;0.607290;0.000000;0.440508;0.576265;0.623553;0.572530;0.577082;0.585659;0.459306;0.571213;0.544936;0.627868;0.568775;0.569101;0.572728;0.439881;0.558114;0.584077;0.579253;0.578229;0.559402;0.575877;0.537142;0.586776;0.582014;0.550787;0.582647;0.586266;0.548611;0.513655;0.581674;0.603316;0.560944;0.577709;0.617534;0.555450;0.564727;0.545853;0.598745;0.400414;0.630412;0.571776;0.565237;0.552487;0.591419;0.563490;0.625878;0.445614;0.576485;0.622214;0.551893;0.592819;0.556752;0.592599;0.589761;0.671216;0.575006;0.575673;0.584185;0.608558;0.520079;0.585904;0.567591;0.588671;0.602343;0.553907;0.157185;0.532885;0.601633;0.613588;0.568038;0.600601;0.652849;0.665026;0.534666;0.663047;0.594932;0.554920;0.588805;0.604733;0.578665;0.579952;0.670772;0.600917;0.565341;0.610435;0.434965;0.660578;0.596598;0.551486;0.611135;0.576573;0.459803;0.587632;0.598329;0.559174;0.601258;0.580181;0.577892;0.571197;0.565994;0.640725;0.630420;0.586336;0.548370;0.625286;0.600140;0.519784;0.576586;0.664385;0.545115;0.581691;0.453505;0.594869;0.561935;0.514396;0.609458;0.547605;0.611860;0.422547;0.560314;0.558939;0.582742;0.572677;0.603683;0.575947;0.434361;0.745846;0.575892;0.522828;0.623762;0.664103;0.566824;0.664693;0.587909;0.573893;0.553434;0.585335;0.589204;0.467937;0.537232;0.589191;0.172231;0.571978;0.545119;0.592244;0.556162;0.588049;0.594924;0.594025;0.584090;0.576519;0.434799;0.545718;0.521529;0.589564;0.530447;0.552840;0.745881;0.612993;0.584287;0.626444;0.579712;0.594201;0.544398;0.437683;0.564290;0.581925;0.551568;0.362218;0.590637;0.456827;0.655234;0.746111;0.625194;0.437375;0.542952;0.576124;0.577035;0.609900;0.447394;0.618341;0.607659;0.564590;0.575810;0.440212;0.681302;0.545050;0.550414;0.456517;0.580305;0.537821;0.596739;0.533768;0.545229;0.621933;0.433622;0.603653;0.617485;0.154791;0.583352;0.595225;0.617923;0.586480;0.593920;0.557583;0.625339
568704;0.545386;0.621832;0.573961;0.602960;0.440508;0.000000;0.591087;0.666020;0.528228;0.622826;0.592222;0.486230;0.542310;0.532974;0.595461;0.594073;0.563532;0.597974;0.200351;0.576563;0.590454;0.623967;0.623608;0.574282;0.546657;0.570291;0.593674;0.618000;0.558059;0.617566;0.593557;0.531735;0.553723;0.585152;0.595932;0.580487;0.569840;0.662775;0.557812;0.572540;0.527047;0.635536;0.441081;0.670296;0.573531;0.586146;0.532683;0.597748;0.576512;0.618815;0.221601;0.622019;0.666988;0.531868;0.598842;0.576728;0.628551;0.626045;0.712832;0.528439;0.550796;0.636790;0.658231;0.562868;0.636606;0.574579;0.598862;0.594750;0.576590;0.441204;0.569986;0.594473;0.644790;0.581372;0.607806;0.620707;0.706647;0.569158;0.633263;0.595896;0.574559;0.596702;0.638935;0.592739;0.615463;0.712614;0.608530;0.591696;0.660005;0.368230;0.702541;0.605047;0.558923;0.658219;0.551460;0.453961;0.595894;0.600675;0.566814;0.651494;0.581914;0.548430;0.523377;0.572671;0.606949;0.672274;0.592156;0.557145;0.670158;0.636891;0.555215;0.611459;0.706425;0.570724;0.616366;0.480081;0.597864;0.589163;0.555361;0.601277;0.568823;0.660892;0.452177;0.575495;0.569436;0.582275;0.523556;0.636377;0.581357;0.459534;0.739307;0.550179;0.564032;0.669091;0.705956;0.587200;0.706656;0.619523;0.590767;0.574645;0.638111;0.589056;0.456890;0.565325;0.591913;0.441716;0.591942;0.570586;0.602228;0.578398;0.639909;0.595883;0.599827;0.588677;0.546380;0.368142;0.568367;0.559628;0.624852;0.564836;0.570928;0.738659;0.645065;0.574451;0.667884;0.624729;0.598152;0.576193;0.381620;0.573437;0.551862;0.573536;0.443367;0.626689;0.450782;0.629184;0.739133;0.670048;0.371496;0.570073;0.547934;0.593346;0.658672;0.217249;0.649532;0.603361;0.576617;0.590144;0.111056;0.721182;0.570157;0.557325;0.473156;0.572414;0.569723;0.549983;0.567236;0.569671;0.664111;0.366823;0.598578;0.662720;0.441983;0.591005;0.596770;0.613482;0.623133;0.599661;0.576591;0.670202
1225205;0.640645;0.507645;0.506395;0.705371;0.576265;0.591087;0.000000;0.496297;0.630157;0.564554;0.450642;0.500471;0.629652;0.593281;0.663197;0.496268;0.496222;0.505753;0.589518;0.504871;0.450332;0.504733;0.507182;0.662809;0.637572;0.521630;0.482989;0.426986;0.481989;0.434894;0.451567;0.596206;0.510215;0.445982;0.503004;0.521189;0.503062;0.634615;0.511422;0.451848;0.590593;0.636879;0.565372;0.505388;0.487669;0.664699;0.600952;0.439531;0.472329;0.719202;0.593278;0.504851;0.639769;0.600421;0.443260;0.502307;0.627836;0.492075;0.706177;0.633653;0.631680;0.532259;0.521884;0.506515;0.526719;0.437546;0.196815;0.505163;0.510153;0.573741;0.526854;0.496313;0.495446;0.472914;0.487879;0.678059;0.697428;0.523568;0.691899;0.452143;0.654174;0.485529;0.488959;0.465364;0.428794;0.706913;0.488089;0.494700;0.527800;0.582415;0.693838;0.480598;0.480379;0.520396;0.634701;0.564365;0.479645;0.482607;0.443027;0.553513;0.446115;0.633920;0.627152;0.449327;0.672983;0.509495;0.453255;0.479034;0.646378;0.637130;0.495944;0.491296;0.698036;0.442242;0.430299;0.513466;0.453000;0.491170;0.503019;0.510721;0.499612;0.522988;0.575480;0.664060;0.441561;0.688934;0.629110;0.489224;0.440166;0.580212;0.827733;0.638188;0.510741;0.642437;0.696177;0.665242;0.697892;0.432598;0.210226;0.498736;0.533344;0.451782;0.566967;0.441747;0.446043;0.574626;0.530130;0.444121;0.477266;0.523239;0.537620;0.452095;0.447485;0.439094;0.638785;0.582024;0.499090;0.506145;0.492342;0.507322;0.504837;0.828161;0.493992;0.510785;0.501601;0.504219;0.462852;0.485961;0.586717;0.445578;0.639884;0.456746;0.609846;0.494174;0.560912;0.693125;0.828105;0.646313;0.582661;0.513158;0.637734;0.213344;0.524238;0.593701;0.501606;0.705497;0.471993;0.182731;0.592205;0.718423;0.444873;0.483360;0.588704;0.506198;0.527053;0.649372;0.523059;0.442461;0.500219;0.580559;0.506504;0.634549;0.574274;0.471482;0.448832;0.714415;0.491413;0.445016;0.457276;0.646447
1624;0.710179;0.454218;0.578267;0.746609;0.623553;0.666020;0.496297;0.000000;0.694376;0.565885;0.514679;0.549396;0.697572;0.659712;0.723366;0.482309;0.570542;0.493393;0.664845;0.503500;0.514696;0.447301;0.452339;0.709546;0.705467;0.523803;0.546675;0.432546;0.557161;0.446954;0.515239;0.665207;0.537583;0.510434;0.596499;0.554852;0.577023;0.631068;0.558651;0.533764;0.661123;0.658706;0.622401;0.247312;0.556221;0.707246;0.670966;0.489803;0.538005;0.759070;0.668144;0.449496;0.636551;0.669702;0.492229;0.499824;0.649936;0.424273;0.713635;0.698736;0.696094;0.474786;0.443668;0.525929;0.460753;0.501918;0.489840;0.599164;0.540479;0.620728;0.526792;0.589217;0.433184;0.536568;0.535811;0.733793;0.703675;0.522505;0.745800;0.507379;0.698744;0.548315;0.424884;0.518644;0.438810;0.714668;0.535710;0.481625;0.454236;0.662680;0.699411;0.529132;0.554936;0.440391;0.699344;0.628522;0.542327;0.543991;0.525876;0.497315;0.512538;0.700424;0.692488;0.532917;0.731871;0.228365;0.517018;0.553434;0.645420;0.658159;0.492636;0.434188;0.704867;0.506974;0.442038;0.566825;0.504907;0.478820;0.526080;0.600740;0.501889;0.443358;0.632038;0.710429;0.524658;0.731126;0.694876;0.429623;0.505926;0.636516;0.858198;0.704393;0.533043;0.640686;0.701682;0.708477;0.703835;0.440479;0.492760;0.495441;0.474320;0.514661;0.631459;0.509354;0.502415;0.622682;0.560475;0.509768;0.526857;0.557404;0.480088;0.507326;0.496615;0.496524;0.707589;0.662398;0.500664;0.502383;0.427527;0.504051;0.538433;0.858913;0.428195;0.582429;0.238992;0.446241;0.525348;0.476488;0.664689;0.527783;0.706556;0.522210;0.664094;0.427673;0.625474;0.746894;0.858802;0.645263;0.662481;0.511777;0.705203;0.487151;0.448563;0.668278;0.438256;0.746646;0.539056;0.495643;0.666340;0.726680;0.509385;0.558095;0.644024;0.578610;0.528789;0.710472;0.524199;0.506003;0.235301;0.661148;0.597077;0.630985;0.620746;0.535358;0.502397;0.753849;0.426565;0.494499;0.522279;0.645400
1398;0.421926;0.651315;0.621400;0.672296;0.572530;0.528228;0.630157;0.694376;0.000000;0.601592;0.656408;0.558390;0.425547;0.450746;0.642319;0.659438;0.609617;0.660512;0.529462;0.658923;0.655171;0.655901;0.654115;0.531413;0.425909;0.642096;0.636290;0.652542;0.608137;0.650706;0.657431;0.444828;0.559388;0.615672;0.660483;0.571248;0.617391;0.625969;0.549552;0.638505;0.440234;0.592873;0.577126;0.700384;0.625747;0.543257;0.444586;0.630267;0.648571;0.686995;0.531725;0.652572;0.629351;0.441913;0.633792;0.658223;0.583986;0.679462;0.679492;0.165235;0.431482;0.654248;0.674386;0.572461;0.658855;0.599188;0.642102;0.660195;0.566495;0.569877;0.597859;0.659515;0.689855;0.649148;0.673383;0.666673;0.671923;0.599959;0.676449;0.632145;0.534388;0.638809;0.683286;0.656941;0.649883;0.679237;0.673790;0.656959;0.675202;0.537716;0.665663;0.670865;0.607951;0.676432;0.428921;0.570623;0.638488;0.649948;0.637169;0.667656;0.616855;0.429133;0.203297;0.639044;0.652786;0.698931;0.656669;0.604569;0.633832;0.595250;0.635102;0.666902;0.673187;0.623735;0.650565;0.549237;0.635567;0.654863;0.565773;0.666839;0.650651;0.676790;0.589214;0.531094;0.632513;0.654957;0.168768;0.682876;0.606730;0.593486;0.702099;0.429690;0.574275;0.632515;0.671717;0.543472;0.672761;0.658957;0.627669;0.656488;0.655788;0.625267;0.576979;0.616110;0.627807;0.572116;0.584124;0.622602;0.666530;0.565376;0.656757;0.632148;0.634960;0.622750;0.425326;0.537742;0.649994;0.635687;0.678381;0.643349;0.564277;0.701258;0.690430;0.624261;0.698109;0.655512;0.665255;0.639526;0.538389;0.636016;0.429229;0.635971;0.573024;0.679834;0.568739;0.664228;0.701582;0.633062;0.538457;0.648550;0.426735;0.629395;0.674849;0.533378;0.693826;0.672866;0.648728;0.630346;0.528975;0.686842;0.624023;0.608146;0.609423;0.620903;0.601737;0.280632;0.598661;0.623358;0.691879;0.535997;0.658813;0.625950;0.568897;0.635957;0.631245;0.680261;0.676025;0.635006;0.640457;0.633250
1348908;0.585258;0.494403;0.610504;0.747812;0.577082;0.622826;0.564554;0.565885;0.601592;0.000000;0.613751;0.528570;0.585565;0.492278;0.730197;0.596825;0.595036;0.595289;0.621656;0.619093;0.613567;0.506406;0.500335;0.505058;0.574281;0.592720;0.598325;0.535195;0.573853;0.539317;0.617084;0.505763;0.441629;0.586522;0.628027;0.480111;0.606684;0.389382;0.512699;0.593167;0.508103;0.405743;0.598951;0.587338;0.604670;0.490660;0.516265;0.595115;0.599881;0.762282;0.625591;0.499419;0.394776;0.512762;0.601258;0.614776;0.403384;0.588871;0.465521;0.608031;0.573067;0.451107;0.484497;0.443429;0.476726;0.559746;0.594620;0.627948;0.463673;0.566848;0.524411;0.624698;0.610163;0.599736;0.639480;0.752359;0.458432;0.534756;0.755449;0.609748;0.483588;0.596004;0.593326;0.607656;0.533264;0.467595;0.639655;0.592078;0.486375;0.612028;0.453926;0.631567;0.572764;0.506047;0.576273;0.622449;0.593697;0.617415;0.589269;0.478863;0.589885;0.586331;0.604342;0.594315;0.744135;0.569707;0.616527;0.566315;0.397098;0.403414;0.583609;0.587810;0.454597;0.565694;0.539948;0.521784;0.609235;0.588329;0.448354;0.633750;0.604279;0.490794;0.620396;0.506578;0.580979;0.726431;0.610043;0.597439;0.569244;0.628482;0.761455;0.566105;0.454418;0.394124;0.454855;0.489710;0.455128;0.565039;0.558337;0.610723;0.453907;0.603688;0.633575;0.551674;0.600496;0.576323;0.495371;0.565804;0.627429;0.463620;0.460898;0.609731;0.601839;0.590144;0.576522;0.611598;0.601375;0.577655;0.592309;0.595145;0.480743;0.763269;0.606929;0.616287;0.578236;0.502796;0.631676;0.561085;0.603411;0.585867;0.594086;0.568954;0.616159;0.589923;0.621228;0.740273;0.762471;0.397600;0.611547;0.613096;0.571990;0.561791;0.492853;0.626843;0.613159;0.748072;0.602037;0.567862;0.617028;0.487082;0.568609;0.574995;0.651209;0.612433;0.546762;0.633731;0.538422;0.567566;0.565885;0.609867;0.623407;0.389330;0.564415;0.590808;0.605132;0.754723;0.584774;0.603385;0.579135;0.396880
370552;0.670936;0.535690;0.482399;0.677183;0.585659;0.592222;0.450642;0.514679;0.656408;0.613751;0.000000;0.525713;0.659089;0.637299;0.647694;0.503710;0.476139;0.516339;0.590385;0.492736;0.190065;0.528815;0.530677;0.699490;0.670062;0.522572;0.470654;0.441107;0.472143;0.448731;0.194408;0.638528;0.553402;0.450925;0.473187;0.556020;0.477600;0.681069;0.545349;0.373487;0.631930;0.685970;0.554457;0.521353;0.466038;0.704941;0.641453;0.440040;0.446609;0.686721;0.593868;0.531134;0.685771;0.641684;0.440505;0.488069;0.677437;0.499992;0.745623;0.658244;0.664567;0.569796;0.553392;0.548645;0.559845;0.450953;0.430863;0.475863;0.548113;0.586623;0.546120;0.465643;0.499671;0.448943;0.448938;0.658576;0.737771;0.537623;0.673197;0.443157;0.694198;0.474075;0.500083;0.432785;0.441525;0.747374;0.449906;0.504093;0.559822;0.586152;0.735414;0.437611;0.470461;0.547993;0.667165;0.562372;0.468347;0.457097;0.362426;0.586914;0.444559;0.662189;0.650193;0.371739;0.655870;0.528539;0.199264;0.472311;0.692404;0.686000;0.492123;0.499856;0.738400;0.457267;0.443030;0.543142;0.440423;0.501486;0.546408;0.476782;0.494209;0.553706;0.558325;0.700634;0.371261;0.663384;0.652164;0.497315;0.451432;0.562428;0.837461;0.672607;0.551494;0.688577;0.736603;0.705579;0.738073;0.432500;0.452086;0.488291;0.571344;0.446239;0.560300;0.462512;0.440075;0.584462;0.563188;0.458662;0.442530;0.562572;0.574904;0.443094;0.444067;0.439347;0.670836;0.585039;0.494297;0.509164;0.502072;0.503961;0.539680;0.837570;0.498835;0.479980;0.519060;0.529488;0.194389;0.505301;0.594402;0.369576;0.668867;0.446615;0.613759;0.501165;0.558881;0.684659;0.837729;0.692300;0.586492;0.501764;0.670735;0.447462;0.554904;0.594188;0.507184;0.677344;0.444972;0.446999;0.592956;0.757655;0.458163;0.472003;0.562581;0.481045;0.539327;0.669160;0.537267;0.454028;0.521527;0.584818;0.479355;0.681008;0.586267;0.457035;0.441195;0.686823;0.504037;0.442451;0.441878;0.691341
525318;0.575504;0.507593;0.539481;0.651160;0.459306;0.486230;0.500471;0.549396;0.558390;0.528570;0.525713;0.000000;0.568742;0.527988;0.643351;0.512113;0.524567;0.518935;0.483755;0.513659;0.527328;0.508007;0.501512;0.588220;0.571128;0.497888;0.542795;0.504043;0.515516;0.509699;0.531275;0.532944;0.462750;0.515902;0.570770;0.487269;0.534018;0.593699;0.495227;0.514778;0.528515;0.587960;0.468336;0.560971;0.531853;0.592088;0.538093;0.520118;0.526350;0.649820;0.490217;0.506799;0.598979;0.536079;0.523457;0.505345;0.580129;0.517286;0.658601;0.561897;0.569953;0.517537;0.534303;0.462329;0.517164;0.499274;0.511904;0.570897;0.478149;0.455087;0.485204;0.565459;0.544930;0.528536;0.555159;0.663799;0.645904;0.483486;0.657845;0.528821;0.579937;0.545635;0.535895;0.524001;0.503536;0.663719;0.555579;0.509507;0.538188;0.485989;0.650504;0.544695;0.514845;0.535834;0.572987;0.448378;0.541546;0.551063;0.506896;0.523419;0.514753;0.571309;0.553149;0.515187;0.655969;0.556452;0.529889;0.511579;0.604276;0.588130;0.473831;0.511025;0.646042;0.484431;0.507452;0.221088;0.524843;0.505200;0.463707;0.558923;0.504000;0.536887;0.482893;0.589693;0.504894;0.630148;0.556657;0.534947;0.507524;0.491829;0.784180;0.571153;0.455733;0.601518;0.644660;0.592234;0.645846;0.515229;0.497954;0.505584;0.519935;0.523690;0.454130;0.478827;0.522371;0.458461;0.500008;0.486072;0.544752;0.485290;0.524230;0.528793;0.525407;0.512913;0.571860;0.484990;0.502092;0.480812;0.520286;0.489321;0.493083;0.784713;0.542865;0.534947;0.557340;0.507763;0.541640;0.489282;0.488881;0.510346;0.579521;0.510580;0.500309;0.511068;0.444355;0.670937;0.784727;0.604317;0.486628;0.500818;0.571315;0.499129;0.536646;0.491402;0.551095;0.651386;0.527764;0.501075;0.467279;0.675508;0.486501;0.516088;0.509565;0.538906;0.489406;0.584266;0.484426;0.483126;0.550781;0.483796;0.570606;0.593635;0.452843;0.535228;0.525887;0.660831;0.517316;0.524668;0.514523;0.603352
692420;0.339201;0.647419;0.627565;0.690760;0.571213;0.542310;0.629652;0.697572;0.425547;0.585565;0.659089;0.568742;0.000000;0.364645;0.657869;0.666818;0.614861;0.666683;0.543000;0.668761;0.657844;0.653434;0.650646;0.487292;0.343433;0.650115;0.637825;0.648195;0.611048;0.645536;0.660343;0.355882;0.560052;0.622173;0.651709;0.562638;0.623853;0.606051;0.546418;0.639614;0.350728;0.555917;0.583765;0.703918;0.632187;0.499889;0.355697;0.638587;0.644801;0.706579;0.545533;0.649200;0.608962;0.349448;0.642394;0.668124;0.545930;0.687666;0.657716;0.426185;0.242358;0.646732;0.664572;0.574781;0.653248;0.603782;0.644966;0.651374;0.556995;0.567006;0.589132;0.650682;0.697176;0.645556;0.674197;0.684663;0.650580;0.593025;0.692686;0.641047;0.491794;0.638653;0.690121;0.655596;0.644732;0.657211;0.674551;0.664052;0.665565;0.542423;0.644120;0.671273;0.610931;0.668436;0.235314;0.584356;0.638767;0.653484;0.638687;0.660605;0.623494;0.234739;0.427317;0.640189;0.670638;0.701246;0.659876;0.607282;0.613498;0.558467;0.645977;0.675249;0.651504;0.625714;0.645674;0.557444;0.644489;0.661964;0.569300;0.658233;0.658765;0.667412;0.599305;0.487106;0.633146;0.671716;0.428075;0.689705;0.611602;0.603513;0.669872;0.346301;0.576239;0.611652;0.650409;0.500062;0.651590;0.656652;0.626515;0.665707;0.647670;0.633495;0.592575;0.616789;0.635763;0.570672;0.576071;0.624568;0.666438;0.554150;0.648988;0.641043;0.643641;0.629939;0.342005;0.542537;0.657314;0.644418;0.686542;0.653544;0.557351;0.669047;0.698087;0.631286;0.701211;0.652769;0.669029;0.645078;0.539492;0.636318;0.232744;0.629083;0.570136;0.687922;0.582581;0.675915;0.669338;0.612534;0.543495;0.660224;0.344143;0.628423;0.665760;0.547254;0.700963;0.691323;0.645085;0.630155;0.541274;0.665257;0.626390;0.611346;0.622481;0.627896;0.595925;0.461044;0.592235;0.625977;0.694849;0.540491;0.649235;0.606064;0.565779;0.636659;0.639758;0.698527;0.683699;0.643927;0.634903;0.612778
1230477;0.368929;0.596517;0.608592;0.703192;0.544936;0.532974;0.593281;0.659712;0.450746;0.492278;0.637299;0.527988;0.364645;0.000000;0.667148;0.637467;0.592222;0.635516;0.532411;0.646521;0.635963;0.604249;0.600951;0.418794;0.357853;0.626123;0.612542;0.605635;0.579525;0.604610;0.639874;0.160201;0.489340;0.599405;0.627091;0.501253;0.604251;0.520166;0.495393;0.612770;0.166619;0.456279;0.565372;0.671343;0.610484;0.423677;0.173288;0.616960;0.617995;0.719684;0.535958;0.599461;0.524253;0.243515;0.622354;0.644506;0.448786;0.657260;0.572341;0.455130;0.349911;0.583535;0.609467;0.506124;0.597400;0.573785;0.619107;0.626413;0.493044;0.536656;0.546529;0.624915;0.670128;0.618973;0.657742;0.696731;0.566364;0.553550;0.701592;0.624240;0.413331;0.611718;0.660042;0.631447;0.601561;0.573061;0.657959;0.633806;0.610588;0.523833;0.560938;0.652605;0.579042;0.619321;0.353376;0.570498;0.610741;0.631908;0.610672;0.602449;0.601074;0.364473;0.452192;0.613792;0.682230;0.663876;0.638553;0.573666;0.525714;0.457074;0.621226;0.646489;0.565455;0.589861;0.605180;0.513200;0.626436;0.630939;0.501954;0.634292;0.632884;0.613741;0.585325;0.421218;0.602811;0.681318;0.457013;0.660618;0.583911;0.592464;0.676501;0.350961;0.509491;0.525564;0.565860;0.422264;0.566590;0.622882;0.589211;0.640959;0.585566;0.614548;0.581371;0.576611;0.616510;0.544174;0.518814;0.589096;0.647539;0.487082;0.589060;0.624234;0.622737;0.607938;0.358111;0.523907;0.630516;0.617093;0.657116;0.630585;0.500788;0.677223;0.669952;0.613403;0.666742;0.603221;0.651873;0.608330;0.515119;0.606935;0.371786;0.594425;0.554347;0.657632;0.568786;0.681790;0.676792;0.525840;0.523619;0.642106;0.355592;0.592672;0.612859;0.538422;0.674163;0.703674;0.619403;0.595556;0.528461;0.583166;0.591587;0.579937;0.616751;0.609564;0.561099;0.494683;0.555276;0.590377;0.658014;0.521317;0.623240;0.520163;0.534743;0.608210;0.621239;0.711381;0.652602;0.624054;0.603303;0.526125
767455;0.657236;0.722329;0.605887;0.582082;0.627868;0.595461;0.663197;0.723366;0.642319;0.730197;0.647694;0.643351;0.657869;0.667148;0.000000;0.657320;0.602706;0.661852;0.596069;0.631666;0.645929;0.722145;0.722539;0.704969;0.662124;0.651598;0.634822;0.689726;0.616812;0.688008;0.647142;0.662985;0.683596;0.647076;0.640003;0.684327;0.602905;0.765704;0.662641;0.636206;0.657717;0.746820;0.597421;0.721849;0.617634;0.712850;0.662879;0.653015;0.628885;0.590113;0.596849;0.721182;0.768552;0.664152;0.652265;0.634226;0.740725;0.687419;0.805109;0.640818;0.668926;0.742371;0.742921;0.689473;0.738175;0.644255;0.657764;0.639654;0.682492;0.631569;0.700163;0.640409;0.684427;0.633695;0.643056;0.268625;0.800024;0.697479;0.302083;0.647300;0.704996;0.639600;0.686085;0.642822;0.688395;0.804549;0.643772;0.656205;0.745497;0.596345;0.796633;0.644041;0.618573;0.739746;0.668423;0.582733;0.639318;0.632582;0.633626;0.751627;0.643318;0.663437;0.638939;0.635115;0.243781;0.728307;0.646663;0.618775;0.772309;0.748452;0.638836;0.672945;0.799964;0.669430;0.686498;0.646390;0.651873;0.656078;0.683115;0.644755;0.628620;0.743529;0.594532;0.704919;0.638071;0.578422;0.636757;0.680232;0.648499;0.594451;0.790668;0.667287;0.689996;0.769949;0.799290;0.714121;0.800068;0.683838;0.663698;0.633420;0.742014;0.645106;0.578399;0.668165;0.647110;0.627105;0.691560;0.668245;0.642122;0.686011;0.743396;0.647301;0.654323;0.648813;0.663289;0.596310;0.632774;0.646256;0.684095;0.642851;0.673404;0.788791;0.689419;0.603637;0.721915;0.722779;0.646688;0.652890;0.607430;0.639257;0.664081;0.636483;0.622785;0.688095;0.579405;0.293041;0.789848;0.771899;0.598779;0.640868;0.663651;0.663076;0.743003;0.597009;0.691073;0.582586;0.627203;0.660230;0.602138;0.810777;0.668245;0.616593;0.588759;0.603561;0.695338;0.645522;0.694730;0.668227;0.720447;0.596476;0.645874;0.765677;0.632589;0.635501;0.649783;0.589006;0.684798;0.653164;0.635346;0.771978
880633;0.676613;0.509968;0.547734;0.691310;0.568775;0.594073;0.496268;0.482309;0.659438;0.596825;0.503710;0.512113;0.666818;0.637467;0.657320;0.000000;0.540132;0.249322;0.593229;0.408310;0.503420;0.504581;0.508366;0.692927;0.674464;0.495940;0.538991;0.484474;0.540045;0.492246;0.503304;0.639956;0.543013;0.507662;0.564030;0.558211;0.545626;0.658400;0.550914;0.513179;0.634910;0.667646;0.561687;0.486247;0.538742;0.694809;0.644374;0.496908;0.519491;0.705214;0.596400;0.505932;0.663359;0.644197;0.498010;0.410468;0.659243;0.413232;0.727882;0.662359;0.669863;0.538423;0.528880;0.536135;0.525660;0.504481;0.487925;0.565368;0.547798;0.568682;0.537897;0.557692;0.447561;0.521126;0.524805;0.668819;0.719597;0.532957;0.686487;0.506504;0.685253;0.541937;0.440081;0.511106;0.487545;0.728586;0.525260;0.210455;0.535320;0.591042;0.715879;0.520649;0.539271;0.523892;0.672285;0.561875;0.536958;0.535232;0.506059;0.557131;0.507186;0.671508;0.656201;0.512337;0.666306;0.495935;0.504553;0.538731;0.670197;0.667867;0.463887;0.412978;0.720103;0.502891;0.488060;0.529129;0.505403;0.208689;0.532947;0.568975;0.406094;0.529345;0.568345;0.693993;0.507261;0.675183;0.657774;0.439842;0.507109;0.572440;0.839042;0.675361;0.540506;0.666516;0.717924;0.695632;0.719568;0.483588;0.495508;0.403369;0.538393;0.508956;0.563407;0.505358;0.503131;0.567650;0.564634;0.505139;0.517757;0.562061;0.541722;0.506470;0.502236;0.498974;0.676088;0.590704;0.409003;0.475336;0.410206;0.474036;0.541276;0.839374;0.444481;0.550566;0.484067;0.505007;0.510221;0.258392;0.597450;0.510187;0.676616;0.512553;0.605612;0.415801;0.558515;0.688538;0.839434;0.670095;0.591933;0.480247;0.674751;0.491412;0.530511;0.596357;0.449421;0.691433;0.520162;0.494691;0.596510;0.739190;0.503696;0.540590;0.577388;0.547024;0.534820;0.674360;0.531921;0.501938;0.485911;0.589704;0.566129;0.658331;0.569264;0.530393;0.504614;0.700015;0.411523;0.499294;0.511902;0.670217
1318;0.616704;0.581244;0.302795;0.644665;0.569101;0.563532;0.496222;0.570542;0.609617;0.595036;0.476139;0.524567;0.614861;0.592222;0.602706;0.540132;0.000000;0.548985;0.561946;0.521918;0.472951;0.578889;0.580361;0.652596;0.617116;0.543133;0.442495;0.504730;0.431588;0.508128;0.477876;0.592278;0.545340;0.457607;0.511175;0.528860;0.273075;0.660994;0.515822;0.460431;0.585597;0.658470;0.535088;0.577076;0.436282;0.659767;0.594634;0.459987;0.442897;0.657263;0.565093;0.578781;0.665919;0.595398;0.459249;0.520843;0.650565;0.553987;0.723929;0.610872;0.621381;0.601429;0.595249;0.546152;0.597720;0.451951;0.490121;0.511438;0.523086;0.569625;0.560370;0.507078;0.551955;0.449904;0.472748;0.618682;0.716480;0.553962;0.635882;0.458726;0.647882;0.445073;0.549596;0.458172;0.502597;0.724796;0.474178;0.539245;0.600232;0.551663;0.712957;0.465646;0.432002;0.593576;0.623689;0.526541;0.440012;0.432626;0.452479;0.619380;0.450766;0.619222;0.604644;0.458479;0.612452;0.582605;0.477160;0.432079;0.671547;0.658942;0.518612;0.545601;0.716825;0.500414;0.504275;0.535534;0.461685;0.536751;0.541125;0.517995;0.519377;0.596558;0.539114;0.653941;0.456478;0.629917;0.604916;0.546637;0.455691;0.543633;0.797602;0.620732;0.548381;0.668246;0.715754;0.660375;0.716480;0.505273;0.496040;0.518986;0.602555;0.455582;0.524029;0.499114;0.455263;0.568191;0.539113;0.500481;0.464016;0.534440;0.606633;0.458691;0.463054;0.453380;0.618573;0.551011;0.519248;0.530454;0.553292;0.530132;0.511953;0.797337;0.552354;0.279647;0.575471;0.579191;0.484042;0.533433;0.559175;0.460031;0.624422;0.442374;0.583340;0.555561;0.522291;0.642392;0.797740;0.671521;0.552734;0.530863;0.618215;0.493318;0.597217;0.565676;0.558568;0.645126;0.441570;0.493357;0.565844;0.735199;0.501386;0.433347;0.546141;0.302299;0.554452;0.624936;0.553062;0.497889;0.573058;0.550344;0.517685;0.660937;0.570005;0.429163;0.458449;0.654504;0.553514;0.461587;0.442313;0.671492
326425;0.675425;0.517500;0.556906;0.697646;0.572728;0.597974;0.505753;0.493393;0.660512;0.595289;0.516339;0.518935;0.666683;0.635516;0.661852;0.249322;0.548985;0.000000;0.597065;0.428755;0.515752;0.513117;0.516359;0.688687;0.673020;0.507336;0.548033;0.494588;0.547712;0.501383;0.516122;0.638347;0.544500;0.518344;0.571807;0.560768;0.554688;0.655134;0.554685;0.523818;0.633763;0.662548;0.568176;0.498240;0.548358;0.689894;0.642946;0.510088;0.530208;0.711583;0.600511;0.513963;0.659878;0.642460;0.511486;0.430544;0.654500;0.431105;0.722684;0.663677;0.669200;0.542184;0.534769;0.538092;0.531609;0.514305;0.500464;0.573252;0.550200;0.572054;0.544411;0.566096;0.460604;0.531482;0.537388;0.674028;0.714707;0.540526;0.691281;0.519171;0.680654;0.550191;0.454585;0.523279;0.497076;0.723220;0.537875;0.231041;0.540793;0.594453;0.710934;0.533764;0.546828;0.531060;0.671518;0.568976;0.545608;0.545793;0.517101;0.560921;0.518380;0.671436;0.657995;0.523225;0.672225;0.506371;0.516897;0.545986;0.666340;0.662758;0.478241;0.430681;0.714889;0.512539;0.497588;0.534243;0.517817;0.235812;0.535110;0.577322;0.422897;0.535395;0.575653;0.689808;0.517637;0.681468;0.659545;0.454777;0.516831;0.579590;0.836668;0.673538;0.542712;0.662689;0.712983;0.690709;0.714578;0.495032;0.504927;0.422825;0.542290;0.520772;0.571153;0.513839;0.515392;0.571565;0.567139;0.514598;0.530427;0.563642;0.545611;0.519129;0.515239;0.510661;0.674734;0.594128;0.427057;0.487799;0.428234;0.487714;0.544740;0.837051;0.460063;0.559799;0.495683;0.513263;0.523222;0.272524;0.599445;0.520553;0.676551;0.521798;0.609153;0.433650;0.566064;0.691057;0.837069;0.666249;0.595392;0.494887;0.673196;0.501524;0.536639;0.600368;0.464336;0.697805;0.530919;0.504719;0.600183;0.733809;0.513459;0.548102;0.585916;0.556404;0.542840;0.676053;0.539540;0.511776;0.496438;0.593016;0.573583;0.655060;0.572340;0.539160;0.517222;0.706137;0.428159;0.512395;0.521524;0.666384
1457191;0.546017;0.621133;0.573157;0.602705;0.439881;0.200351;0.589518;0.664845;0.529462;0.621656;0.590385;0.483755;0.543000;0.532411;0.596069;0.593229;0.561946;0.597065;0.000000;0.575306;0.588491;0.622292;0.622484;0.574143;0.546176;0.570503;0.593590;0.616181;0.556440;0.617229;0.593069;0.531997;0.552637;0.584356;0.595231;0.579445;0.568570;0.662675;0.556096;0.571480;0.527575;0.635260;0.439899;0.670982;0.572525;0.586156;0.532883;0.596696;0.575753;0.617633;0.221783;0.621061;0.666897;0.531167;0.597880;0.574485;0.628543;0.624454;0.712036;0.529532;0.550453;0.635154;0.656911;0.562334;0.635775;0.572527;0.597945;0.593998;0.576403;0.439086;0.569607;0.592819;0.643936;0.580643;0.607619;0.621552;0.706218;0.567751;0.632573;0.594850;0.574163;0.596693;0.639127;0.591074;0.613755;0.712055;0.608228;0.590808;0.658947;0.367902;0.702366;0.603323;0.557135;0.657652;0.552315;0.452517;0.595430;0.599732;0.564525;0.650848;0.579813;0.548138;0.522817;0.571632;0.607542;0.672227;0.590275;0.555582;0.669877;0.636062;0.553557;0.609835;0.705835;0.569515;0.615895;0.477375;0.596125;0.587813;0.554438;0.599382;0.567576;0.659516;0.449093;0.575657;0.567352;0.581749;0.523344;0.635848;0.580158;0.458571;0.739843;0.549786;0.563263;0.668979;0.705553;0.587099;0.706006;0.619178;0.589650;0.572394;0.637164;0.587008;0.454026;0.564361;0.590876;0.440155;0.591710;0.569740;0.601937;0.577616;0.639334;0.594823;0.598279;0.586728;0.545817;0.367903;0.567175;0.559922;0.623976;0.565170;0.570909;0.739226;0.643943;0.572642;0.668651;0.623229;0.597664;0.575633;0.376335;0.571400;0.552613;0.572859;0.441172;0.625123;0.449780;0.629949;0.739688;0.669939;0.368533;0.570520;0.547588;0.592537;0.657856;0.181795;0.649162;0.603069;0.575936;0.589329;0.209463;0.720601;0.569205;0.555749;0.472770;0.571317;0.569333;0.551293;0.567144;0.567408;0.664683;0.366427;0.597913;0.662629;0.439524;0.590022;0.594885;0.613328;0.622315;0.598681;0.575871;0.670089
695562;0.678615;0.530045;0.528192;0.664141;0.558114;0.576563;0.504871;0.503500;0.658923;0.619093;0.492736;0.513659;0.668761;0.646521;0.631666;0.408310;0.521918;0.428755;0.575306;0.000000;0.491823;0.524136;0.528163;0.701612;0.677849;0.490657;0.527145;0.497976;0.526744;0.504674;0.492279;0.648171;0.556897;0.504813;0.557581;0.566028;0.525734;0.676916;0.552555;0.502045;0.642262;0.685796;0.540170;0.505557;0.522239;0.705596;0.651702;0.494359;0.498534;0.677664;0.578842;0.525714;0.681721;0.651801;0.493713;0.198549;0.677558;0.420415;0.744317;0.661307;0.674322;0.560988;0.552747;0.550830;0.547432;0.504806;0.491557;0.558744;0.557208;0.560343;0.542520;0.552087;0.458124;0.502242;0.504113;0.642888;0.736174;0.535610;0.662288;0.499385;0.695570;0.531125;0.455410;0.493875;0.500325;0.744882;0.504571;0.409678;0.559326;0.573926;0.732713;0.500532;0.526519;0.546499;0.676330;0.541310;0.526205;0.519952;0.494605;0.578885;0.501768;0.674103;0.655206;0.500953;0.639875;0.517729;0.493273;0.526614;0.688487;0.686443;0.456377;0.416469;0.736826;0.500136;0.500135;0.531956;0.499069;0.407526;0.546681;0.562832;0.192684;0.553081;0.544077;0.702616;0.498300;0.649331;0.655894;0.451495;0.506569;0.547664;0.837933;0.679981;0.554150;0.685114;0.734773;0.706363;0.736181;0.492272;0.505179;0.241762;0.560767;0.502195;0.539878;0.504144;0.497092;0.557728;0.572064;0.502216;0.498779;0.571705;0.564387;0.499360;0.498538;0.495640;0.679343;0.573573;0.200608;0.470675;0.415838;0.465840;0.547806;0.838041;0.457175;0.529151;0.503484;0.525137;0.496466;0.418627;0.583024;0.501283;0.678903;0.498646;0.589602;0.423152;0.537123;0.669377;0.838149;0.688364;0.574861;0.468175;0.678502;0.501010;0.554030;0.578297;0.462412;0.664241;0.499033;0.502063;0.580473;0.755204;0.499981;0.527377;0.548361;0.526473;0.535591;0.672500;0.533742;0.498076;0.507073;0.572418;0.561593;0.676854;0.561806;0.518570;0.498906;0.673396;0.418936;0.495351;0.496259;0.688481
