;279010;698737;1114965;712938;220668;568704;1225205;1624;1398;1348908;370552;525318;692420;1230477;767455;880633;1318;326425;1457191;695562;1390082;904354;883164;1333862;1402;491077;453366;1154861;1214192;1154879;370554;565143;1391469;1353243;40041;1138890;1073372;260799;1260356;759913;224308;1348623;1350467;1041521;568814;1052684;1315975;862967;347253;575599;1300223;1034809;281309;1236548;862966;695563;545693;1226678;1324966;345219;1390372;1116220;979222;1157358;93061;1095729;210007;1051072;1157475;1350466;1266717;1381085;1037411;1048332;322159;390333;1053233;283734;1269760;862968;1333863;453365;257314;1433289;1154776;180862;1308;1587;1344987;1215914;529122;1436725;1214218;176280;1126211;511437;453362;171101;1000589;1422305;1163301;1198291;1298921;663954;1050107;1273133;1314;1214210;212045;1404;1598;1579;1053174;981539;1154876;525310;857292;767462;226185;681573;1604;1155131;1580;1429244;119602;1381124;1245026;909954;862971;1384064;997761;1232672;1151189;226900;1053215;886882;718222;208435;1225186;1423723;663951;706437;1423728;1258574;862969;1327988;1138915;990317;1051074;1391465;931437;696216;1248420;76860;1131732;1312920;695560;349123;272621;1358027;333849;1036673;33959;888048;1029822;1409679;160490;1226335;1051653;452436;1333538;1200793;1382301;525306;1071400;29397;1116391;568206;1051657;557436;1368424;1225194;1344989;568703;1408186;334390;1304;1225196;525361;79672;637909;1323698;387344;760570;984892;1121088;937773;53354;362948;1318635;553482;198094;1304889;487214;1035184;767453;1226679;1316583;1074494;1412842
279010;0.000000;0.611022;0.577119;0.641146;0.514166;0.477416;0.587906;0.669249;0.326798;0.529980;0.626616;0.516283;0.227146;0.275413;0.603733;0.626239;0.562436;0.619216;0.478142;0.635186;0.624678;0.618676;0.615582;0.419155;0.060279;0.602959;0.588114;0.611886;0.558199;0.605244;0.627975;0.265507;0.499273;0.582040;0.609732;0.495733;0.573738;0.556703;0.482143;0.597703;0.263273;0.497171;0.534154;0.676345;0.586217;0.435124;0.260599;0.604221;0.601582;0.665182;0.479340;0.614012;0.559022;0.255551;0.608651;0.634592;0.486818;0.659210;0.613735;0.330048;0.226399;0.607778;0.630441;0.518933;0.616714;0.560084;0.612187;0.608220;0.491381;0.509754;0.540170;0.610546;0.669699;0.600549;0.638903;0.639477;0.604055;0.546812;0.650507;0.607524;0.423908;0.586784;0.661006;0.616664;0.606214;0.612184;0.638854;0.622826;0.629789;0.470807;0.595455;0.636635;0.558132;0.635353;0.223880;0.526897;0.588201;0.610857;0.599852;0.621906;0.584616;0.229815;0.334481;0.599550;0.623418;0.669447;0.627071;0.553531;0.564670;0.500082;0.611847;0.645421;0.606527;0.582366;0.607324;0.500628;0.611093;0.621406;0.512273;0.619059;0.621110;0.633413;0.550167;0.420072;0.590484;0.614854;0.337263;0.660622;0.568546;0.554408;0.626415;0.086122;0.519391;0.562639;0.603903;0.434695;0.606585;0.623111;0.583856;0.631669;0.608793;0.597539;0.540710;0.570779;0.600788;0.512893;0.511567;0.580067;0.630430;0.485316;0.608896;0.607534;0.608642;0.594029;0.121240;0.471229;0.619147;0.602899;0.657664;0.616890;0.490249;0.625157;0.670935;0.582987;0.673119;0.618225;0.638622;0.599785;0.461150;0.593727;0.228970;0.582259;0.505877;0.659640;0.527504;0.600707;0.625388;0.563824;0.470936;0.627062;0.066749;0.587472;0.631211;0.481019;0.672099;0.641575;0.602445;0.589332;0.475744;0.619799;0.582873;0.558178;0.581172;0.578239;0.549970;0.363565;0.546824;0.583268;0.664629;0.469379;0.601903;0.556740;0.507532;0.588699;0.606151;0.648785;0.653463;0.610152;0.590244;0.564118
698737;0.611022;0.000000;0.510127;0.680249;0.507816;0.555907;0.406774;0.354784;0.591301;0.434357;0.443841;0.419832;0.593798;0.544438;0.660397;0.405467;0.501154;0.408135;0.554990;0.437265;0.443154;0.072720;0.045708;0.617059;0.606357;0.432463;0.474892;0.347685;0.479306;0.355858;0.443241;0.550123;0.396931;0.434265;0.518830;0.441217;0.509662;0.513358;0.450051;0.447792;0.545408;0.549872;0.517500;0.373117;0.484768;0.615480;0.556118;0.426678;0.461284;0.702229;0.557726;0.038890;0.520637;0.556652;0.431454;0.434430;0.537054;0.378008;0.629471;0.597877;0.593427;0.252436;0.248832;0.384183;0.225844;0.419804;0.421887;0.519985;0.423320;0.505393;0.324878;0.514646;0.413657;0.458352;0.477647;0.677457;0.614267;0.330045;0.694604;0.445213;0.604110;0.476016;0.397997;0.451636;0.351860;0.630909;0.477376;0.402040;0.251046;0.550252;0.607929;0.473838;0.476810;0.243014;0.596049;0.529790;0.471507;0.486777;0.443705;0.279554;0.440603;0.598962;0.593504;0.448930;0.676321;0.362883;0.445551;0.474401;0.533906;0.550101;0.419206;0.378447;0.617546;0.399888;0.354187;0.435305;0.443849;0.398538;0.385089;0.528080;0.425440;0.250793;0.529687;0.618110;0.437497;0.657731;0.596840;0.401810;0.425886;0.532810;0.810441;0.604734;0.393058;0.527443;0.612093;0.615994;0.615973;0.365298;0.400285;0.428387;0.249250;0.448511;0.538593;0.396611;0.437081;0.506816;0.447895;0.400955;0.466761;0.439954;0.250366;0.445193;0.433198;0.429715;0.608133;0.550134;0.422885;0.418667;0.379430;0.429954;0.420705;0.811190;0.412059;0.517682;0.365234;0.072340;0.457080;0.379209;0.550955;0.442001;0.604366;0.438598;0.557849;0.380988;0.528772;0.669173;0.810894;0.533604;0.550078;0.443280;0.605911;0.401746;0.245495;0.557612;0.417312;0.680212;0.464237;0.408025;0.557280;0.646273;0.401731;0.479534;0.549311;0.511118;0.337610;0.607714;0.329283;0.402019;0.354987;0.548361;0.512815;0.513250;0.505282;0.469147;0.441719;0.686824;0.372686;0.432945;0.442470;0.533771
1114965;0.577119;0.510127;0.000000;0.558044;0.510972;0.491903;0.392005;0.496197;0.552311;0.558764;0.360993;0.450045;0.568904;0.561115;0.505431;0.439365;0.175775;0.445245;0.491852;0.419231;0.355713;0.508550;0.510525;0.647955;0.581353;0.434414;0.300121;0.413179;0.310446;0.411755;0.359216;0.557455;0.486926;0.337349;0.406067;0.460939;0.171682;0.634477;0.442388;0.334942;0.547927;0.642212;0.455614;0.497562;0.296464;0.658361;0.557406;0.342104;0.316775;0.583339;0.492859;0.507982;0.639606;0.561430;0.339951;0.422090;0.631679;0.471083;0.712914;0.553392;0.582101;0.543684;0.530978;0.486155;0.534808;0.338906;0.385086;0.405381;0.454578;0.516208;0.485240;0.405643;0.461323;0.321472;0.341302;0.525475;0.702319;0.478985;0.556973;0.335860;0.644672;0.307491;0.459262;0.333781;0.410836;0.713246;0.342239;0.437085;0.533332;0.482193;0.697686;0.339130;0.311525;0.524848;0.583226;0.435196;0.303630;0.291859;0.333639;0.561454;0.331627;0.576113;0.549325;0.333847;0.524069;0.505583;0.360315;0.314856;0.648445;0.643336;0.417109;0.456084;0.704293;0.410200;0.407947;0.469155;0.342608;0.435977;0.479506;0.418563;0.414934;0.531421;0.452409;0.649326;0.337123;0.538523;0.548401;0.454665;0.340655;0.450592;0.784582;0.587874;0.486895;0.643525;0.701281;0.658918;0.703474;0.405967;0.391243;0.420150;0.542947;0.335737;0.432576;0.411550;0.333025;0.509060;0.468167;0.407527;0.333109;0.470708;0.545081;0.335839;0.342789;0.336950;0.582761;0.481897;0.416509;0.425527;0.467229;0.424037;0.433733;0.783560;0.464967;0.183540;0.497023;0.509545;0.365130;0.433075;0.495094;0.338866;0.579714;0.326035;0.527063;0.473320;0.431932;0.538950;0.784172;0.648139;0.484660;0.422343;0.583071;0.389977;0.529209;0.492356;0.467503;0.558233;0.314548;0.386573;0.499228;0.724353;0.409170;0.312619;0.451554;0.136936;0.474842;0.555887;0.475813;0.408897;0.493773;0.482173;0.411208;0.634410;0.517490;0.296441;0.339025;0.567037;0.467186;0.342295;0.321171;0.648259
712938;0.641146;0.680249;0.558044;0.000000;0.533367;0.520999;0.632665;0.687651;0.606537;0.704031;0.596784;0.578672;0.635457;0.655862;0.468209;0.614030;0.558687;0.618622;0.520971;0.581667;0.594372;0.680049;0.680900;0.693736;0.646996;0.570612;0.593038;0.649144;0.579417;0.646536;0.595461;0.652336;0.640583;0.610605;0.607388;0.656032;0.556998;0.740997;0.639212;0.583169;0.646650;0.732706;0.479340;0.684213;0.573191;0.703411;0.651214;0.615726;0.580604;0.175535;0.520997;0.679313;0.743622;0.654108;0.614246;0.585612;0.725689;0.646140;0.789237;0.605013;0.649376;0.704345;0.704738;0.645381;0.697963;0.608101;0.627139;0.606075;0.654558;0.542509;0.642159;0.609668;0.647564;0.583768;0.587439;0.475550;0.781961;0.639255;0.511583;0.608930;0.694461;0.599428;0.648655;0.591584;0.647537;0.788112;0.587647;0.613489;0.704965;0.533551;0.777529;0.590034;0.580121;0.698697;0.648657;0.491619;0.600052;0.592627;0.581932;0.714096;0.607533;0.641710;0.602877;0.583022;0.470433;0.691706;0.595085;0.582680;0.749567;0.734563;0.562844;0.626158;0.783438;0.623291;0.645247;0.584440;0.612896;0.613279;0.637886;0.613972;0.583043;0.705031;0.464371;0.693942;0.587647;0.151583;0.599967;0.643700;0.613802;0.458504;0.782544;0.652791;0.645358;0.746168;0.781221;0.704789;0.782527;0.640341;0.632403;0.586093;0.704299;0.609037;0.485250;0.624197;0.609036;0.532086;0.662646;0.621627;0.588493;0.659588;0.704206;0.608955;0.614944;0.613049;0.648238;0.533487;0.584849;0.571016;0.642729;0.564634;0.643010;0.780262;0.650697;0.555823;0.684593;0.681332;0.593070;0.611879;0.548279;0.588464;0.642778;0.592615;0.528744;0.647064;0.490402;0.514122;0.781494;0.748994;0.535469;0.559593;0.648641;0.633216;0.702101;0.521216;0.651332;0.049498;0.578760;0.628889;0.530979;0.794798;0.621923;0.578363;0.442358;0.555370;0.634913;0.603027;0.635886;0.622632;0.683668;0.535035;0.612271;0.740997;0.543767;0.598458;0.613082;0.137538;0.643757;0.614470;0.589907;0.749054
220668;0.514166;0.507816;0.510972;0.533367;0.000000;0.331845;0.503750;0.566550;0.495970;0.517178;0.521781;0.363989;0.502898;0.477646;0.556142;0.491917;0.497222;0.488218;0.331211;0.489699;0.519278;0.513777;0.512372;0.511956;0.513630;0.441240;0.510180;0.514020;0.473046;0.509745;0.521779;0.479954;0.430500;0.513536;0.537641;0.484693;0.508196;0.565988;0.480824;0.490024;0.475981;0.548234;0.273550;0.572902;0.498910;0.520424;0.482436;0.528441;0.489129;0.565744;0.335543;0.510217;0.570332;0.485250;0.530781;0.489419;0.539193;0.528561;0.635494;0.500180;0.511588;0.520547;0.548171;0.441045;0.521582;0.496850;0.525338;0.535064;0.477454;0.093895;0.449594;0.537799;0.554922;0.491024;0.535127;0.589498;0.625239;0.454704;0.607471;0.533055;0.507217;0.510856;0.543785;0.508302;0.510135;0.633792;0.534823;0.487720;0.547704;0.324117;0.618279;0.532557;0.473619;0.549963;0.511818;0.354929;0.511715;0.531871;0.488549;0.538296;0.514154;0.512142;0.498707;0.493077;0.577578;0.570484;0.522074;0.469978;0.576913;0.550612;0.442798;0.511584;0.626663;0.467647;0.510708;0.356255;0.533448;0.485001;0.433040;0.547114;0.472441;0.551315;0.303407;0.512673;0.484251;0.497033;0.499996;0.542479;0.505956;0.315394;0.718695;0.514786;0.442396;0.573361;0.623830;0.522266;0.626700;0.520402;0.499978;0.484836;0.521076;0.526271;0.371625;0.457157;0.525758;0.100455;0.496593;0.465773;0.525323;0.478628;0.521452;0.533075;0.530376;0.519951;0.514363;0.324247;0.469074;0.433318;0.527149;0.449521;0.473085;0.718282;0.555459;0.516462;0.568148;0.514839;0.532416;0.459838;0.323696;0.489438;0.515834;0.472286;0.236009;0.529886;0.355513;0.567022;0.718470;0.576270;0.326701;0.468928;0.514037;0.505208;0.547901;0.337879;0.558016;0.533508;0.491048;0.503396;0.332214;0.644971;0.466858;0.471981;0.357600;0.510702;0.456688;0.514796;0.453696;0.469323;0.562809;0.323799;0.532628;0.565952;0.095901;0.511125;0.533752;0.542946;0.522177;0.531648;0.480901;0.576421
568704;0.477416;0.555907;0.491903;0.520999;0.331845;0.000000;0.513357;0.609126;0.442124;0.569005;0.517091;0.391882;0.468744;0.465251;0.511374;0.514523;0.480804;0.511857;0.111072;0.500450;0.514300;0.559570;0.559027;0.534963;0.481207;0.475852;0.509227;0.549448;0.472444;0.544806;0.518028;0.461443;0.477084;0.507536;0.519991;0.506503;0.488740;0.616796;0.480367;0.487897;0.454633;0.591939;0.323426;0.612335;0.490240;0.549615;0.460103;0.525576;0.492837;0.551032;0.123054;0.557024;0.620721;0.463202;0.526840;0.502357;0.582288;0.563143;0.680935;0.443322;0.483435;0.576629;0.600471;0.489345;0.575286;0.495963;0.527734;0.517702;0.502941;0.336609;0.490414;0.520856;0.582608;0.495992;0.530328;0.546643;0.671242;0.491154;0.568166;0.522919;0.535014;0.511838;0.576089;0.512836;0.545451;0.679759;0.530566;0.511343;0.600048;0.230664;0.665038;0.529091;0.473363;0.599155;0.483524;0.338293;0.512888;0.524211;0.485734;0.592273;0.505343;0.478132;0.440311;0.489919;0.532734;0.613205;0.516279;0.471903;0.627082;0.593902;0.474408;0.544338;0.672895;0.488887;0.544822;0.385301;0.525469;0.509561;0.479266;0.528909;0.488321;0.602778;0.333671;0.536246;0.486019;0.489209;0.440008;0.572598;0.503203;0.338829;0.712961;0.487052;0.489059;0.624177;0.670199;0.550755;0.672810;0.549433;0.512742;0.499390;0.577517;0.514877;0.347149;0.482725;0.517982;0.332102;0.518238;0.487212;0.524317;0.504297;0.577335;0.522942;0.526140;0.514968;0.480791;0.230683;0.486955;0.472390;0.560776;0.481014;0.492407;0.711690;0.584542;0.494546;0.609767;0.560961;0.523746;0.491783;0.249355;0.489547;0.480861;0.489739;0.334446;0.564169;0.337725;0.531475;0.712284;0.626543;0.234121;0.489189;0.483083;0.517058;0.599006;0.124161;0.586677;0.520976;0.493231;0.512381;0.081051;0.689017;0.487232;0.470870;0.363738;0.490415;0.489920;0.456564;0.488835;0.488347;0.605351;0.229763;0.518935;0.616750;0.337326;0.511243;0.524716;0.531002;0.557878;0.527299;0.493754;0.626709
1225205;0.587906;0.406774;0.392005;0.632665;0.503750;0.513357;0.000000;0.391228;0.562900;0.512389;0.314155;0.400233;0.571273;0.543618;0.580778;0.367800;0.382619;0.372898;0.512050;0.387888;0.313486;0.403603;0.406953;0.638559;0.586934;0.396096;0.351312;0.290087;0.365714;0.297268;0.314925;0.544108;0.427770;0.308177;0.388693;0.427768;0.389869;0.596541;0.414695;0.312280;0.535959;0.610630;0.480590;0.399422;0.364985;0.644452;0.547221;0.303328;0.347539;0.655975;0.514839;0.403707;0.602404;0.549219;0.308763;0.386389;0.598375;0.380441;0.687597;0.567606;0.577906;0.448207;0.429830;0.422213;0.436718;0.299443;0.143650;0.390755;0.415973;0.504272;0.428780;0.382424;0.379281;0.344327;0.361227;0.599356;0.675517;0.425373;0.622898;0.319871;0.631393;0.355491;0.371871;0.333608;0.292303;0.688294;0.360972;0.365062;0.433550;0.505706;0.670577;0.354710;0.363357;0.423507;0.580607;0.470968;0.348416;0.357272;0.305947;0.470886;0.311248;0.577514;0.561755;0.310552;0.597574;0.402860;0.316524;0.363117;0.612634;0.611317;0.376623;0.374912;0.677858;0.316974;0.291777;0.422295;0.321006;0.362376;0.416683;0.400502;0.377958;0.429850;0.486790;0.639829;0.300858;0.610653;0.563608;0.370267;0.302181;0.488813;0.807617;0.589542;0.424616;0.607080;0.673858;0.644984;0.677007;0.293567;0.124715;0.381680;0.448201;0.319236;0.475424;0.319259;0.311565;0.500834;0.434858;0.317453;0.348444;0.434181;0.450983;0.319860;0.311168;0.302374;0.588231;0.505417;0.377704;0.383693;0.378975;0.385723;0.402334;0.807722;0.380368;0.398703;0.396334;0.403502;0.331381;0.355001;0.512104;0.304019;0.583246;0.329550;0.542193;0.383219;0.468639;0.601011;0.807647;0.612316;0.506276;0.392575;0.587636;0.130663;0.429042;0.514776;0.385829;0.632579;0.347135;0.108524;0.517086;0.700840;0.319371;0.367246;0.499875;0.392738;0.426425;0.574355;0.424005;0.317975;0.391341;0.504528;0.388306;0.596457;0.504957;0.344185;0.315760;0.640476;0.376948;0.310409;0.328814;0.612459
1624;0.669249;0.354784;0.496197;0.687651;0.566550;0.609126;0.391228;0.000000;0.642047;0.533403;0.414978;0.476935;0.652860;0.621179;0.660586;0.367901;0.490624;0.376551;0.608067;0.402849;0.414519;0.344671;0.352084;0.687858;0.666265;0.417413;0.450796;0.314275;0.476921;0.330095;0.413958;0.625132;0.474420;0.411360;0.516899;0.485493;0.496775;0.608661;0.486439;0.438305;0.619524;0.641092;0.559189;0.155645;0.468627;0.688458;0.629617;0.383218;0.446684;0.707653;0.610585;0.348380;0.614671;0.630039;0.386108;0.399989;0.629644;0.301053;0.706234;0.647411;0.654701;0.396716;0.346242;0.459629;0.370667;0.406000;0.384864;0.519700;0.469973;0.565950;0.443107;0.510847;0.307059;0.442505;0.434348;0.672309;0.693797;0.438590;0.692157;0.406172;0.678240;0.453445;0.297363;0.418341;0.323464;0.707364;0.433895;0.366979;0.354773;0.607281;0.688844;0.429417;0.473951;0.333996;0.657664;0.561036;0.446529;0.450686;0.433772;0.419196;0.416137;0.657227;0.641977;0.438367;0.673838;0.146110;0.416512;0.473264;0.626664;0.641269;0.391448;0.313039;0.696574;0.416156;0.323980;0.500993;0.402958;0.364180;0.458836;0.523908;0.399840;0.343100;0.566238;0.688716;0.430650;0.668257;0.644160;0.302474;0.408350;0.567781;0.840759;0.666454;0.465901;0.621036;0.691854;0.689767;0.694995;0.318936;0.386696;0.394491;0.394958;0.417504;0.565628;0.421811;0.401171;0.564680;0.488351;0.418301;0.425353;0.491381;0.398747;0.406127;0.389574;0.394956;0.668574;0.607050;0.398679;0.399102;0.303394;0.400481;0.461367;0.841223;0.303474;0.502676;0.146293;0.344413;0.425188;0.363316;0.610228;0.432396;0.662779;0.430573;0.611688;0.305839;0.559426;0.675059;0.841059;0.626414;0.607162;0.408533;0.666244;0.381351;0.346677;0.610175;0.311034;0.687415;0.448374;0.390358;0.611661;0.719813;0.418167;0.477706;0.577186;0.497579;0.442945;0.651969;0.439682;0.416017;0.143691;0.606066;0.514557;0.608568;0.566147;0.442982;0.400961;0.693500;0.301726;0.387909;0.429179;0.626544
1398;0.326798;0.591301;0.552311;0.606537;0.495970;0.442124;0.562900;0.642047;0.000000;0.542040;0.597360;0.482323;0.327034;0.366510;0.573707;0.594415;0.539551;0.590039;0.443660;0.600100;0.595336;0.597124;0.595266;0.481403;0.332964;0.568542;0.565867;0.590891;0.535930;0.585928;0.598229;0.357377;0.482972;0.548173;0.598718;0.494360;0.549057;0.575767;0.472007;0.572146;0.350953;0.543666;0.499679;0.648401;0.557375;0.497614;0.353295;0.568174;0.583336;0.630759;0.444428;0.593389;0.578905;0.353621;0.572388;0.600057;0.532489;0.625981;0.643489;0.096114;0.337623;0.597006;0.619232;0.500362;0.601567;0.528528;0.581938;0.597571;0.490244;0.494195;0.525121;0.598972;0.637255;0.581901;0.613315;0.606038;0.632636;0.528565;0.621507;0.570519;0.484607;0.567945;0.629605;0.593553;0.586643;0.642436;0.613267;0.591413;0.618311;0.452376;0.624295;0.611410;0.535619;0.620882;0.336393;0.490808;0.568206;0.586423;0.573544;0.611409;0.551386;0.331492;0.121218;0.573770;0.591450;0.644327;0.597165;0.531715;0.586147;0.546247;0.572635;0.610741;0.635416;0.555575;0.587039;0.471468;0.574410;0.589736;0.491664;0.607563;0.588290;0.621405;0.511978;0.482044;0.565909;0.581782;0.105840;0.628774;0.536816;0.514667;0.675300;0.340454;0.500704;0.583483;0.631995;0.498273;0.634618;0.598623;0.559376;0.597654;0.598398;0.562036;0.501568;0.546594;0.564935;0.494538;0.508590;0.553456;0.605608;0.487817;0.598147;0.570536;0.572250;0.559122;0.332278;0.452610;0.586728;0.567371;0.624105;0.578895;0.484218;0.673876;0.638904;0.557178;0.645878;0.597090;0.607769;0.569962;0.451140;0.569257;0.332687;0.568052;0.495534;0.626632;0.490909;0.580831;0.674260;0.585336;0.452783;0.586716;0.334943;0.562838;0.618506;0.446114;0.640595;0.606959;0.584035;0.563439;0.443931;0.650780;0.555430;0.535664;0.537653;0.552446;0.529462;0.179367;0.527330;0.555571;0.637641;0.451136;0.592942;0.575761;0.492735;0.568494;0.569691;0.614220;0.620504;0.573540;0.573591;0.585538
1348908;0.529980;0.434357;0.558764;0.704031;0.517178;0.569005;0.512389;0.533403;0.542040;0.000000;0.574679;0.466181;0.528059;0.425292;0.684247;0.546507;0.542243;0.536078;0.568075;0.577705;0.573823;0.453234;0.444398;0.452274;0.519311;0.529144;0.542246;0.488245;0.516243;0.484276;0.577136;0.439439;0.357462;0.540958;0.580491;0.401366;0.555951;0.305778;0.448223;0.541010;0.441940;0.330627;0.542452;0.555122;0.554064;0.437865;0.450137;0.557762;0.547554;0.725364;0.571265;0.443081;0.312148;0.449438;0.565118;0.574111;0.324838;0.555256;0.418599;0.550648;0.516403;0.379927;0.425537;0.363333;0.413223;0.509669;0.554832;0.578911;0.382490;0.506857;0.460818;0.579369;0.579055;0.545950;0.598193;0.711721;0.402461;0.476847;0.718994;0.573074;0.428807;0.538449;0.558391;0.561835;0.482331;0.419816;0.598107;0.540165;0.423792;0.555905;0.395386;0.592096;0.515147;0.451549;0.518662;0.567884;0.537429;0.571921;0.541607;0.409714;0.547328;0.530793;0.550203;0.543627;0.703660;0.528359;0.577262;0.507470;0.319607;0.329916;0.537610;0.550243;0.403061;0.513464;0.488540;0.456909;0.573357;0.537005;0.368671;0.589402;0.557210;0.432785;0.565518;0.453711;0.528559;0.677179;0.556382;0.562798;0.520169;0.573599;0.733790;0.510642;0.374771;0.313373;0.398690;0.437123;0.402325;0.522542;0.503855;0.569324;0.382024;0.564994;0.583622;0.495167;0.561926;0.515530;0.418303;0.511674;0.584932;0.378591;0.386105;0.573104;0.564590;0.550822;0.521897;0.555660;0.553302;0.520729;0.557507;0.545775;0.400546;0.735473;0.576701;0.567633;0.544466;0.449294;0.594299;0.501127;0.543484;0.533308;0.537427;0.510213;0.561139;0.556439;0.568415;0.676747;0.734498;0.319597;0.555321;0.569106;0.516771;0.510008;0.433311;0.571644;0.580144;0.704100;0.550692;0.516453;0.563633;0.442037;0.515929;0.517109;0.602003;0.561650;0.488864;0.569978;0.480478;0.517535;0.526963;0.554125;0.568899;0.305723;0.503926;0.538606;0.569153;0.710467;0.547266;0.567266;0.523918;0.318744
370552;0.626616;0.443841;0.360993;0.596784;0.521781;0.517091;0.314155;0.414978;0.597360;0.574679;0.000000;0.441070;0.609594;0.599688;0.559979;0.378066;0.358350;0.389638;0.515782;0.367890;0.114135;0.435472;0.438354;0.683475;0.628441;0.400362;0.334859;0.320726;0.360442;0.328887;0.120113;0.598015;0.489009;0.316064;0.349970;0.480236;0.357761;0.651289;0.464213;0.236729;0.588964;0.666769;0.471444;0.417607;0.337013;0.692181;0.598995;0.300550;0.311169;0.617208;0.517760;0.438303;0.656563;0.601712;0.299850;0.365523;0.655839;0.388629;0.731174;0.599716;0.620471;0.496906;0.470622;0.481298;0.479679;0.323988;0.288409;0.353028;0.472087;0.527014;0.457400;0.343214;0.379940;0.310373;0.298259;0.573636;0.720670;0.447762;0.599233;0.302872;0.679675;0.341570;0.382344;0.284255;0.323354;0.732883;0.298869;0.377969;0.474641;0.513647;0.717397;0.287681;0.358389;0.458950;0.622432;0.472637;0.334490;0.320187;0.225436;0.514601;0.310759;0.614587;0.592532;0.233943;0.575325;0.427280;0.119949;0.363511;0.665951;0.667131;0.372224;0.384085;0.722669;0.342078;0.321163;0.468476;0.300709;0.375958;0.477857;0.357605;0.368662;0.469632;0.468916;0.684661;0.237295;0.577918;0.593993;0.376950;0.322268;0.467790;0.819939;0.633226;0.482626;0.660957;0.719229;0.692822;0.721825;0.301546;0.317997;0.365710;0.497111;0.310912;0.471148;0.353476;0.300042;0.519365;0.485152;0.342347;0.292114;0.492097;0.499366;0.302823;0.301773;0.303511;0.629451;0.512514;0.369817;0.390039;0.388308;0.381128;0.454976;0.819650;0.382791;0.360152;0.416539;0.436882;0.125953;0.383654;0.525763;0.236021;0.620780;0.319425;0.552214;0.390385;0.469969;0.590792;0.819845;0.665717;0.514692;0.375028;0.629691;0.314499;0.468187;0.517424;0.388225;0.596631;0.308658;0.308898;0.521376;0.743893;0.341952;0.360487;0.467426;0.360123;0.445555;0.601265;0.445554;0.339185;0.418676;0.513303;0.356471;0.651213;0.527054;0.326484;0.302422;0.604872;0.390727;0.301087;0.309013;0.664708
525318;0.516283;0.419832;0.450045;0.578672;0.363989;0.391882;0.400233;0.476935;0.482323;0.466181;0.441070;0.000000;0.504041;0.467341;0.568856;0.413334;0.434729;0.412580;0.390215;0.425486;0.441915;0.422803;0.414978;0.556932;0.514181;0.381894;0.446638;0.413427;0.421701;0.414113;0.445245;0.470018;0.365724;0.423153;0.492466;0.391709;0.445712;0.546030;0.401591;0.418076;0.463124;0.547662;0.367104;0.487343;0.439891;0.564254;0.473672;0.433202;0.434116;0.587556;0.395050;0.420423;0.551648;0.475091;0.437912;0.418214;0.536362;0.437461;0.630973;0.487796;0.510454;0.439446;0.457219;0.365944;0.435862;0.403359;0.423166;0.491500;0.382055;0.362993;0.383479;0.489538;0.468512;0.434232;0.470724;0.595010;0.613684;0.384813;0.596140;0.443745;0.549158;0.450217;0.456328;0.433747;0.411535;0.635564;0.470527;0.409052;0.457658;0.393055;0.616988;0.461959;0.420731;0.455880;0.512914;0.337081;0.446424;0.466104;0.415036;0.444063;0.424708;0.509729;0.480707;0.420652;0.588908;0.479661;0.444919;0.417600;0.560616;0.548612;0.373161;0.425139;0.616000;0.381907;0.413374;0.135676;0.440270;0.405199;0.365935;0.483181;0.408291;0.459397;0.381142;0.558411;0.408106;0.549699;0.484184;0.454757;0.412535;0.387668;0.761983;0.515924;0.356060;0.556079;0.611845;0.564652;0.615098;0.425112;0.395637;0.417130;0.440453;0.437426;0.349566;0.374466;0.435158;0.362031;0.404520;0.381549;0.458571;0.390814;0.442293;0.443750;0.438496;0.424924;0.515208;0.392189;0.405446;0.370320;0.438576;0.385705;0.393329;0.762080;0.468416;0.448359;0.482991;0.423248;0.459642;0.379693;0.397108;0.414100;0.517356;0.413934;0.416284;0.430894;0.335172;0.582113;0.762092;0.560351;0.394366;0.403074;0.514787;0.400387;0.456129;0.395705;0.473352;0.578655;0.436554;0.401167;0.373271;0.648385;0.383280;0.421994;0.413392;0.450281;0.388370;0.501239;0.384244;0.382836;0.473881;0.391325;0.487256;0.545964;0.360757;0.445066;0.441755;0.587608;0.433112;0.438736;0.420017;0.559333
692420;0.227146;0.593798;0.568904;0.635457;0.502898;0.468744;0.571273;0.652860;0.327034;0.528059;0.609594;0.504041;0.000000;0.273398;0.600790;0.611083;0.555528;0.605486;0.469848;0.620445;0.607703;0.601172;0.598251;0.432280;0.232671;0.586513;0.576502;0.594625;0.549094;0.588194;0.610595;0.259608;0.491497;0.566353;0.596739;0.491310;0.566230;0.557639;0.478155;0.582450;0.252604;0.506218;0.517855;0.659774;0.574802;0.449775;0.253471;0.587630;0.588194;0.659816;0.470629;0.596576;0.560148;0.249653;0.592258;0.620256;0.493982;0.643134;0.621894;0.329809;0.142237;0.594331;0.613879;0.510566;0.601704;0.544651;0.594219;0.595334;0.486293;0.499171;0.522440;0.597178;0.653268;0.586726;0.623274;0.635019;0.611312;0.528272;0.647663;0.591174;0.437412;0.575727;0.644866;0.601393;0.589282;0.620380;0.623267;0.607933;0.613311;0.467594;0.602689;0.621125;0.548766;0.618132;0.136405;0.518080;0.577082;0.599254;0.584768;0.608947;0.569713;0.131383;0.333931;0.584369;0.620221;0.653669;0.610017;0.544638;0.567292;0.508950;0.594287;0.628774;0.614072;0.567383;0.589940;0.490549;0.594970;0.606614;0.503525;0.605938;0.606777;0.616731;0.534456;0.432859;0.575372;0.609643;0.335564;0.644301;0.553066;0.538218;0.641289;0.239927;0.510808;0.564139;0.610997;0.450419;0.613791;0.604873;0.567240;0.617268;0.595025;0.582341;0.531418;0.556540;0.584379;0.501796;0.506023;0.565313;0.614761;0.481436;0.595058;0.591188;0.592463;0.577928;0.230641;0.467994;0.604676;0.586107;0.641370;0.599398;0.483707;0.639905;0.654766;0.575456;0.656866;0.600873;0.621380;0.585522;0.460453;0.578442;0.129400;0.568803;0.499559;0.643598;0.518291;0.600338;0.640301;0.566284;0.468142;0.608950;0.234608;0.570341;0.614333;0.472283;0.655937;0.635891;0.589243;0.572297;0.468167;0.628892;0.567777;0.549015;0.564103;0.570353;0.530700;0.359567;0.527962;0.568534;0.648231;0.466169;0.589395;0.557651;0.497469;0.577597;0.589811;0.643243;0.637279;0.593846;0.576404;0.566572
1230477;0.275413;0.544438;0.561115;0.655862;0.477646;0.465251;0.543618;0.621179;0.366510;0.425292;0.599688;0.467341;0.273398;0.000000;0.617125;0.589290;0.543741;0.579562;0.465376;0.607375;0.597733;0.555528;0.551086;0.352872;0.262167;0.567600;0.558834;0.558613;0.525213;0.551871;0.601279;0.091995;0.415826;0.555692;0.581751;0.428226;0.557981;0.461506;0.431005;0.564543;0.102749;0.391735;0.503398;0.632815;0.563267;0.361071;0.104198;0.579038;0.568895;0.680493;0.467671;0.549240;0.464776;0.137282;0.585616;0.605916;0.380367;0.620723;0.530487;0.374605;0.255533;0.530216;0.560372;0.438453;0.546293;0.525678;0.579590;0.579835;0.419030;0.469540;0.481647;0.581755;0.635278;0.567835;0.617138;0.653997;0.519244;0.493436;0.663813;0.588203;0.346407;0.555493;0.622641;0.587260;0.551997;0.529084;0.617029;0.584615;0.559455;0.453084;0.510241;0.613663;0.524635;0.571075;0.258071;0.511020;0.556872;0.588101;0.566662;0.549409;0.560485;0.276964;0.377450;0.567062;0.639040;0.620808;0.600728;0.517956;0.470171;0.394155;0.578675;0.607967;0.521195;0.538761;0.555084;0.447989;0.591048;0.582735;0.433226;0.592441;0.589320;0.564752;0.525783;0.354960;0.554194;0.626889;0.383530;0.623649;0.536633;0.532642;0.645992;0.252476;0.440846;0.467547;0.518474;0.359720;0.521922;0.578522;0.537666;0.601952;0.531828;0.577235;0.528765;0.522052;0.578601;0.475917;0.447868;0.536450;0.605837;0.408869;0.532704;0.588236;0.585113;0.569401;0.262659;0.453511;0.585974;0.565287;0.619849;0.584304;0.426524;0.646362;0.635606;0.569684;0.627494;0.554628;0.615683;0.554001;0.438269;0.558052;0.283020;0.539657;0.487171;0.621349;0.511989;0.610079;0.645886;0.469558;0.452485;0.600192;0.259127;0.542798;0.562894;0.469370;0.637587;0.656129;0.571216;0.546511;0.461051;0.540064;0.540168;0.525361;0.564879;0.563443;0.500901;0.407688;0.495224;0.541222;0.616361;0.450891;0.571019;0.461506;0.467214;0.557779;0.585373;0.663480;0.613587;0.587457;0.551279;0.469887
767455;0.603733;0.660397;0.505431;0.468209;0.556142;0.511374;0.580778;0.660586;0.573707;0.684247;0.559979;0.568856;0.600790;0.617125;0.000000;0.573821;0.504690;0.576166;0.511493;0.545842;0.557451;0.659837;0.660890;0.676742;0.610778;0.559878;0.540844;0.618243;0.526214;0.615054;0.559091;0.611223;0.621328;0.560948;0.551119;0.619238;0.503391;0.728100;0.590831;0.545825;0.603899;0.712485;0.509696;0.657202;0.521477;0.686909;0.609243;0.568942;0.538876;0.486349;0.510410;0.659197;0.730970;0.612519;0.567806;0.550373;0.704550;0.616413;0.778910;0.571649;0.616330;0.688191;0.686343;0.628307;0.681207;0.560070;0.575861;0.550216;0.617871;0.562906;0.631984;0.553182;0.611724;0.542559;0.550028;0.180945;0.771652;0.628681;0.240113;0.559785;0.676463;0.546966;0.613829;0.553935;0.616497;0.777936;0.550613;0.572964;0.687506;0.514352;0.766755;0.552907;0.528113;0.680866;0.616122;0.486294;0.548143;0.539483;0.545391;0.698254;0.556603;0.607448;0.569569;0.545390;0.153197;0.664640;0.557787;0.529951;0.737077;0.714261;0.551487;0.596985;0.772628;0.593228;0.613488;0.575646;0.565780;0.573167;0.620028;0.558254;0.543461;0.686427;0.499166;0.677194;0.550221;0.462831;0.566452;0.607572;0.564308;0.495055;0.773125;0.618372;0.627827;0.733430;0.770535;0.688110;0.772300;0.609248;0.581687;0.549682;0.687294;0.558011;0.480157;0.593507;0.560638;0.555189;0.626608;0.591377;0.550640;0.622598;0.687746;0.559805;0.568517;0.564433;0.612005;0.514281;0.546998;0.558011;0.612247;0.553172;0.603910;0.770494;0.617020;0.502152;0.658082;0.661131;0.557270;0.571442;0.529997;0.550387;0.608282;0.552173;0.550341;0.617525;0.483623;0.216893;0.771792;0.736505;0.516958;0.549633;0.612945;0.582349;0.684600;0.510894;0.617418;0.468628;0.536209;0.577212;0.521555;0.784883;0.591581;0.525570;0.485821;0.502627;0.624370;0.567940;0.625263;0.591877;0.656431;0.515280;0.557596;0.728070;0.564208;0.545854;0.563750;0.474866;0.612993;0.568412;0.549264;0.736580
880633;0.626239;0.405467;0.439365;0.614030;0.491917;0.514523;0.367800;0.367901;0.594415;0.546507;0.378066;0.413334;0.611083;0.589290;0.573821;0.000000;0.433545;0.160520;0.513293;0.265585;0.376737;0.398038;0.403782;0.667143;0.626055;0.357387;0.420805;0.363056;0.435484;0.370677;0.376420;0.589938;0.463754;0.385103;0.459875;0.471400;0.438867;0.621522;0.459356;0.390575;0.582494;0.639818;0.473250;0.368494;0.425974;0.672286;0.592905;0.371276;0.403887;0.637943;0.515425;0.400386;0.626991;0.594804;0.372406;0.266778;0.628418;0.274656;0.708841;0.598251;0.618700;0.453473;0.435913;0.454485;0.432642;0.384673;0.361200;0.461716;0.460368;0.495016;0.439312;0.454490;0.309442;0.402915;0.402806;0.588694;0.697443;0.432969;0.615695;0.382521;0.660402;0.425590;0.303355;0.388549;0.367239;0.709475;0.402806;0.130978;0.440324;0.514154;0.692683;0.400128;0.433909;0.424988;0.620896;0.468063;0.420150;0.420833;0.385589;0.473859;0.385973;0.617803;0.592401;0.390187;0.589063;0.380819;0.377551;0.434535;0.637302;0.640375;0.327369;0.268809;0.699573;0.388037;0.365542;0.440856;0.381051;0.129363;0.449368;0.468072;0.260042;0.435120;0.475722;0.668156;0.384933;0.592519;0.593553;0.300259;0.386907;0.476732;0.819147;0.628996;0.457569;0.632031;0.695632;0.673273;0.698504;0.356976;0.367548;0.258446;0.452753;0.387311;0.470418;0.394366;0.378919;0.489568;0.475977;0.389321;0.395423;0.479386;0.454486;0.382500;0.374956;0.374699;0.628079;0.513890;0.262267;0.338291;0.270696;0.335945;0.445823;0.819081;0.309170;0.444273;0.367445;0.399342;0.385336;0.179732;0.523003;0.387172;0.622727;0.398219;0.534439;0.278443;0.465494;0.596760;0.819135;0.636998;0.515001;0.342660;0.626900;0.364874;0.434130;0.515009;0.313325;0.613962;0.404835;0.365871;0.519797;0.721269;0.388155;0.435610;0.483285;0.439236;0.432036;0.601970;0.430657;0.387074;0.368890;0.513475;0.459494;0.621440;0.496141;0.416776;0.380876;0.621498;0.272009;0.373107;0.395709;0.637131
1318;0.562436;0.501154;0.175775;0.558687;0.497222;0.480804;0.382619;0.490624;0.539551;0.542243;0.358350;0.434729;0.555528;0.543741;0.504690;0.433545;0.000000;0.438089;0.480134;0.415748;0.353471;0.499853;0.501467;0.632357;0.566111;0.427986;0.294427;0.404336;0.297188;0.403581;0.359022;0.540489;0.468914;0.330362;0.402312;0.442680;0.155189;0.620866;0.424425;0.329861;0.531005;0.627340;0.444142;0.493826;0.292332;0.642886;0.540734;0.338063;0.312563;0.584269;0.481332;0.499218;0.626164;0.544572;0.337103;0.417178;0.616644;0.466501;0.700931;0.541055;0.568108;0.532206;0.521731;0.468943;0.524748;0.327166;0.380664;0.401891;0.436679;0.501491;0.473462;0.401018;0.459045;0.317933;0.345692;0.527426;0.690184;0.467511;0.556798;0.333474;0.628670;0.300347;0.456450;0.330363;0.401143;0.701510;0.346489;0.431029;0.524133;0.469127;0.685486;0.340497;0.297466;0.516814;0.569469;0.424340;0.296159;0.291195;0.327005;0.550777;0.323619;0.562440;0.536616;0.329262;0.524502;0.499627;0.358204;0.300019;0.635028;0.628333;0.411708;0.451245;0.692157;0.398955;0.399867;0.452797;0.338735;0.429566;0.462322;0.414495;0.409579;0.522436;0.443249;0.633734;0.329045;0.537090;0.536220;0.451729;0.330825;0.442704;0.777455;0.572331;0.469815;0.630012;0.689090;0.643461;0.691307;0.401233;0.381699;0.415081;0.531913;0.329826;0.423070;0.399148;0.329327;0.495162;0.451149;0.396575;0.335544;0.452181;0.534354;0.333446;0.338436;0.330109;0.567722;0.468546;0.410252;0.419201;0.463426;0.419477;0.416369;0.776515;0.462772;0.166670;0.492906;0.500825;0.366912;0.423901;0.480537;0.331358;0.566684;0.316061;0.514042;0.468686;0.421198;0.535871;0.777111;0.634750;0.471180;0.420400;0.567784;0.380942;0.520657;0.481359;0.465452;0.558857;0.310473;0.378336;0.486858;0.712876;0.398574;0.299167;0.446987;0.175581;0.464533;0.544737;0.465001;0.397034;0.488553;0.468638;0.406512;0.620803;0.502417;0.289015;0.334882;0.567813;0.462794;0.339352;0.313635;0.634722
326425;0.619216;0.408135;0.445245;0.618622;0.488218;0.511857;0.372898;0.376551;0.590039;0.536078;0.389638;0.412580;0.605486;0.579562;0.576166;0.160520;0.438089;0.000000;0.510738;0.287333;0.388171;0.402212;0.407198;0.656285;0.618575;0.366867;0.426069;0.369211;0.437385;0.375443;0.388567;0.580793;0.456108;0.392714;0.464260;0.465808;0.444380;0.611909;0.456128;0.397796;0.573736;0.627739;0.473551;0.379194;0.432093;0.660680;0.584215;0.382436;0.410819;0.642710;0.513108;0.403960;0.617336;0.585803;0.384247;0.288429;0.616407;0.292920;0.699044;0.594301;0.612211;0.450982;0.436329;0.447791;0.432951;0.390003;0.371533;0.465841;0.454557;0.490215;0.440866;0.459164;0.324550;0.409865;0.415545;0.592869;0.687581;0.436048;0.618922;0.394182;0.648847;0.429740;0.317891;0.398639;0.372013;0.699504;0.415501;0.146993;0.440701;0.510181;0.682680;0.412786;0.435987;0.427688;0.614389;0.469848;0.424705;0.428583;0.393423;0.471910;0.394028;0.612215;0.588820;0.398040;0.592512;0.388654;0.389385;0.436050;0.627418;0.628325;0.340907;0.287445;0.689556;0.392617;0.370957;0.437499;0.392445;0.149736;0.442870;0.473128;0.276914;0.435950;0.477976;0.657293;0.391506;0.595988;0.590035;0.315503;0.392411;0.479471;0.814274;0.620896;0.451105;0.622137;0.685747;0.661744;0.688651;0.366107;0.372157;0.279216;0.450309;0.396946;0.473494;0.396846;0.389645;0.485653;0.471079;0.393878;0.407428;0.472449;0.452221;0.394158;0.386541;0.384297;0.620873;0.509932;0.279001;0.348095;0.289496;0.349073;0.441386;0.814227;0.325760;0.450387;0.376713;0.403422;0.398364;0.183352;0.517378;0.393826;0.617243;0.402043;0.531047;0.296617;0.467684;0.596925;0.814251;0.627139;0.511012;0.358350;0.619323;0.370593;0.435520;0.512840;0.329026;0.618539;0.412043;0.371608;0.516542;0.711561;0.392726;0.437434;0.488431;0.445403;0.436191;0.598888;0.434250;0.392198;0.377046;0.509337;0.462786;0.611825;0.491239;0.421392;0.392321;0.626000;0.288628;0.385025;0.400909;0.627266
1457191;0.478142;0.554990;0.491852;0.520971;0.331211;0.111072;0.512050;0.608067;0.443660;0.568075;0.515782;0.390215;0.469848;0.465376;0.511493;0.513293;0.480134;0.510738;0.000000;0.499016;0.513098;0.558167;0.557897;0.535107;0.481480;0.475545;0.508876;0.548285;0.471556;0.544266;0.517246;0.461937;0.476154;0.506760;0.519159;0.505934;0.488074;0.616742;0.479208;0.487064;0.455365;0.591871;0.323167;0.612114;0.489695;0.549770;0.460547;0.524805;0.491905;0.550710;0.123395;0.555973;0.620783;0.463233;0.526150;0.500513;0.582411;0.561881;0.680552;0.444676;0.483981;0.575302;0.599275;0.488857;0.574317;0.494639;0.526745;0.516965;0.502703;0.335125;0.489708;0.519679;0.581737;0.495205;0.529801;0.546937;0.670936;0.490111;0.567603;0.522275;0.534994;0.511653;0.575602;0.511780;0.544380;0.679432;0.529965;0.510177;0.598944;0.230137;0.664953;0.527904;0.472473;0.598335;0.484707;0.337038;0.512339;0.523485;0.484159;0.591406;0.503863;0.478605;0.440695;0.488884;0.532933;0.612749;0.514991;0.470964;0.626905;0.593637;0.473290;0.543109;0.672540;0.487676;0.544243;0.383652;0.524387;0.508119;0.478578;0.527525;0.486678;0.601598;0.332065;0.536499;0.484620;0.489052;0.440711;0.571737;0.502228;0.338320;0.713689;0.487297;0.488341;0.624103;0.669888;0.550872;0.672504;0.549015;0.511608;0.497467;0.576431;0.513354;0.345196;0.481632;0.517281;0.331041;0.518035;0.486142;0.523790;0.503903;0.576593;0.522292;0.525207;0.513679;0.481108;0.230231;0.485523;0.472181;0.559800;0.480938;0.492321;0.712448;0.583415;0.493586;0.609464;0.559595;0.523211;0.490711;0.245827;0.488268;0.481937;0.489035;0.333036;0.562940;0.336711;0.531878;0.713054;0.626490;0.232001;0.489114;0.483397;0.516180;0.597964;0.107663;0.585937;0.520966;0.492537;0.511432;0.123923;0.688700;0.486153;0.470042;0.363642;0.490219;0.489347;0.458114;0.488293;0.486587;0.605041;0.229501;0.518113;0.616698;0.335843;0.510319;0.523637;0.531193;0.556949;0.526462;0.493116;0.626650
695562;0.635186;0.437265;0.419231;0.581667;0.489699;0.500450;0.387888;0.402849;0.600100;0.577705;0.367890;0.425486;0.620445;0.607375;0.545842;0.265585;0.415748;0.287333;0.499016;0.000000;0.365711;0.429103;0.435096;0.683383;0.636608;0.355808;0.410635;0.389927;0.425876;0.395722;0.366131;0.606814;0.489705;0.387859;0.458016;0.490001;0.419069;0.646112;0.470020;0.382011;0.598859;0.664372;0.453614;0.400448;0.410223;0.690579;0.608831;0.374204;0.381693;0.606527;0.501228;0.431918;0.651425;0.610873;0.372711;0.122177;0.653550;0.296935;0.728732;0.602902;0.630433;0.486270;0.470492;0.480917;0.464803;0.393460;0.372271;0.459355;0.481104;0.496635;0.453078;0.453506;0.332091;0.383514;0.378339;0.559491;0.718061;0.444125;0.590190;0.378636;0.678683;0.417412;0.332715;0.369920;0.393267;0.729317;0.378176;0.267124;0.474845;0.501693;0.713635;0.376982;0.425262;0.458310;0.632158;0.448090;0.412343;0.405373;0.376796;0.505141;0.385349;0.627415;0.597283;0.381469;0.560363;0.416622;0.366758;0.427231;0.661104;0.665039;0.321867;0.285807;0.720107;0.391021;0.390242;0.454621;0.377663;0.265918;0.474930;0.466257;0.123888;0.469442;0.450844;0.684544;0.380109;0.561030;0.597478;0.325739;0.393834;0.449634;0.820428;0.640770;0.482766;0.656454;0.716409;0.691382;0.718991;0.376382;0.389126;0.142669;0.485241;0.383957;0.446453;0.400541;0.376902;0.488113;0.494249;0.392315;0.373385;0.500650;0.487154;0.378625;0.375958;0.376776;0.638453;0.501405;0.131059;0.337875;0.291244;0.328450;0.463276;0.820088;0.333644;0.422193;0.400025;0.431098;0.370561;0.285512;0.515016;0.382046;0.631919;0.387146;0.524475;0.300792;0.444784;0.576542;0.820296;0.660820;0.503138;0.329158;0.637834;0.386164;0.468278;0.500501;0.337050;0.581531;0.382452;0.384023;0.507795;0.740446;0.389771;0.426069;0.450178;0.418526;0.440825;0.605194;0.441108;0.388846;0.404276;0.501045;0.460299;0.646033;0.498611;0.408019;0.378955;0.589978;0.295215;0.373460;0.382009;0.660946
