;279010;698737;1114965;712938;220668;568704;1225205;1624;1398;1348908;370552;525318;692420;1230477;767455;880633;1318;326425;1457191;695562;1390082;904354;883164;1333862;1402;491077;453366;1154861;1214192;1154879;370554;565143;1391469;1353243;40041;1138890;1073372;260799;1260356;759913;224308;1348623;1350467;1041521;568814;1052684;1315975;862967;347253;575599;1300223;1034809;281309;1236548;862966;695563;545693;1226678;1324966;345219;1390372;1116220;979222;1157358;93061;1095729;210007;1051072;1157475;1350466;1266717;1381085;1037411;1048332;322159;390333;1053233;283734;1269760;862968;1333863;453365;257314;1433289;1154776;180862;1308;1587;1344987;1215914;529122;1436725;1214218;176280;1126211;511437;453362;171101;1000589;1422305;1163301;1198291;1298921;663954;1050107;1273133;1314;1214210;212045;1404;1598;1579;1053174;981539;1154876;525310;857292;767462;226185;681573;1604;1155131;1580;1429244;119602;1381124;1245026;909954;862971;1384064;997761;1232672;1151189;226900;1053215;886882;718222;208435;1225186;1423723;663951;706437;1423728;1258574;862969;1327988;1138915;990317;1051074;1391465;931437;696216;1248420;76860;1131732;1312920;695560;349123;272621;1358027;333849;1036673;33959;888048;1029822;1409679;160490;1226335;1051653;452436;1333538;1200793;1382301;525306;1071400;29397;1116391;568206;1051657;557436;1368424;1225194;1344989;568703;1408186;334390;1304;1225196;525361;79672;637909;1323698;387344;760570;984892;1121088;937773;53354;362948;1318635;553482;198094;1304889;487214;1035184;767453;1226679;1316583;1074494;1412842
279010;0.000000;0.849316;0.849640;0.882184;0.830536;0.815849;0.852646;0.871169;0.755545;0.808923;0.862833;0.820346;0.719460;0.727121;0.860269;0.865083;0.843219;0.867596;0.816361;0.864025;0.862895;0.851950;0.850222;0.763366;0.118067;0.863675;0.859625;0.855518;0.844854;0.854424;0.863342;0.726346;0.810847;0.844592;0.860911;0.812325;0.847074;0.804264;0.800238;0.857239;0.725339;0.777601;0.841776;0.874258;0.855085;0.764413;0.731582;0.850904;0.859601;0.883923;0.819962;0.849659;0.805790;0.723248;0.852881;0.862895;0.775722;0.867947;0.813177;0.755095;0.717188;0.842573;0.853098;0.813413;0.846886;0.837870;0.851616;0.861042;0.808629;0.827371;0.831952;0.859192;0.873688;0.860850;0.872963;0.869264;0.814876;0.832038;0.869844;0.852327;0.764319;0.859350;0.869190;0.864845;0.853836;0.815408;0.873219;0.864286;0.856978;0.815515;0.814253;0.871261;0.845007;0.855962;0.714186;0.832804;0.859061;0.861797;0.854993;0.848847;0.845196;0.719787;0.754753;0.856467;0.861525;0.873802;0.863939;0.843079;0.804693;0.778134;0.857871;0.864554;0.812512;0.842912;0.854569;0.814287;0.853779;0.863548;0.812436;0.862403;0.861319;0.854633;0.849563;0.763029;0.853683;0.876380;0.755194;0.870445;0.839981;0.854961;0.814609;0.162782;0.816647;0.805581;0.815138;0.763080;0.813905;0.859276;0.850737;0.861922;0.842963;0.848597;0.834956;0.838637;0.850315;0.831266;0.819146;0.842916;0.869443;0.809591;0.844848;0.852326;0.855341;0.846880;0.512039;0.815432;0.860774;0.858611;0.868047;0.862230;0.811653;0.814605;0.872591;0.850059;0.872688;0.851182;0.867021;0.858729;0.814932;0.855510;0.716984;0.853553;0.828586;0.867869;0.831134;0.872496;0.814715;0.804375;0.815407;0.865263;0.131181;0.848283;0.856020;0.818841;0.875483;0.882434;0.859530;0.851934;0.814403;0.819537;0.843298;0.845587;0.859137;0.849180;0.834362;0.774492;0.831548;0.842931;0.869890;0.813857;0.859969;0.804264;0.826958;0.854727;0.851560;0.885735;0.866991;0.853632;0.855209;0.804507
698737;0.849316;0.000000;0.846260;0.914304;0.831226;0.854223;0.809090;0.770281;0.854246;0.764182;0.821080;0.801001;0.847799;0.818752;0.902551;0.806639;0.841073;0.811629;0.854602;0.815490;0.821855;0.157240;0.067769;0.831383;0.846184;0.823589;0.837983;0.782887;0.834243;0.785062;0.819611;0.822508;0.778914;0.814288;0.845341;0.803788;0.844416;0.764757;0.803888;0.825729;0.821671;0.781350;0.846863;0.775406;0.839727;0.824832;0.828845;0.810889;0.829338;0.916887;0.857818;0.062908;0.766911;0.824617;0.813061;0.813710;0.780322;0.783928;0.784178;0.856047;0.843490;0.720440;0.725566;0.771371;0.718525;0.809310;0.803511;0.846123;0.794954;0.827691;0.768212;0.842039;0.796605;0.829775;0.836350;0.907790;0.786806;0.769593;0.909583;0.818222;0.823788;0.837006;0.789342;0.827279;0.783775;0.786442;0.836493;0.806017;0.731524;0.851553;0.785923;0.834776;0.833495;0.725270;0.843647;0.848340;0.835625;0.837052;0.822375;0.727720;0.817220;0.848735;0.854169;0.824825;0.904955;0.775321;0.822875;0.831726;0.766928;0.780759;0.811013;0.788236;0.782044;0.794833;0.784238;0.802481;0.817827;0.805345;0.773896;0.847402;0.814361;0.726557;0.856080;0.831278;0.820827;0.907804;0.855652;0.793480;0.810772;0.861899;0.923917;0.843461;0.778126;0.766059;0.784745;0.823882;0.783532;0.787677;0.806174;0.811988;0.716357;0.819277;0.851351;0.792059;0.815676;0.832065;0.808100;0.796031;0.831700;0.801957;0.719684;0.818228;0.816686;0.812258;0.846631;0.851478;0.813358;0.812906;0.785097;0.815523;0.799495;0.924892;0.793617;0.848284;0.772473;0.167748;0.824678;0.802137;0.851724;0.823416;0.850398;0.820475;0.849727;0.784500;0.846582;0.913538;0.924697;0.766797;0.851648;0.821371;0.845378;0.801499;0.727804;0.856162;0.797746;0.914399;0.830426;0.808169;0.853260;0.794277;0.795441;0.834828;0.865178;0.845840;0.770937;0.870034;0.766049;0.795731;0.771413;0.849802;0.843831;0.764729;0.827691;0.830262;0.816836;0.918479;0.783641;0.814138;0.821529;0.766915
1114965;0.849640;0.846260;0.000000;0.895457;0.852125;0.855172;0.831977;0.842403;0.858240;0.832228;0.828019;0.836279;0.854226;0.836781;0.875842;0.846706;0.600146;0.850537;0.855334;0.842924;0.827464;0.846469;0.845624;0.844169;0.848171;0.855069;0.813435;0.826012;0.814535;0.824341;0.826274;0.838736;0.828962;0.813846;0.837056;0.828892;0.600781;0.845993;0.824167;0.823261;0.837240;0.842225;0.853489;0.845527;0.818293;0.843189;0.842847;0.815314;0.808233;0.896434;0.858652;0.845108;0.847747;0.839135;0.812479;0.842325;0.841003;0.843880;0.859523;0.858845;0.852674;0.845276;0.846227;0.826846;0.845938;0.813872;0.822763;0.837527;0.824156;0.850224;0.846402;0.836638;0.845864;0.810201;0.824808;0.880745;0.860735;0.844121;0.883451;0.816575;0.841208;0.812574;0.842326;0.820589;0.825020;0.861255;0.825509;0.846672;0.851367;0.850358;0.860342;0.824632;0.814968;0.847608;0.853094;0.847521;0.810671;0.806722;0.821730;0.851962;0.813028;0.854714;0.856710;0.821417;0.876069;0.846411;0.829482;0.813482;0.847769;0.841973;0.845147;0.844676;0.858142;0.818189;0.823322;0.836653;0.818989;0.846120;0.826410;0.840710;0.842598;0.847180;0.858861;0.844474;0.821792;0.891132;0.857037;0.843333;0.811618;0.864448;0.909794;0.847514;0.829933;0.847500;0.860300;0.842595;0.859213;0.825286;0.830022;0.841626;0.845232;0.817462;0.847783;0.816163;0.815258;0.852790;0.833318;0.819165;0.820832;0.828907;0.847796;0.816585;0.820384;0.815571;0.848537;0.850193;0.842245;0.847703;0.843624;0.849092;0.824533;0.910216;0.844155;0.611211;0.843893;0.845686;0.828760;0.846192;0.851775;0.823615;0.856119;0.806653;0.857685;0.844214;0.845789;0.890639;0.910177;0.847728;0.850841;0.851478;0.848096;0.825591;0.849112;0.857019;0.847074;0.895542;0.808193;0.829665;0.854807;0.866081;0.818803;0.815855;0.864280;0.446928;0.845560;0.870431;0.843735;0.819820;0.842970;0.849147;0.838834;0.845975;0.850434;0.802145;0.818305;0.898762;0.843420;0.817160;0.807046;0.847800
712938;0.882184;0.914304;0.895457;0.000000;0.865988;0.868272;0.912790;0.917507;0.883597;0.905718;0.905662;0.882839;0.886811;0.889054;0.866316;0.903564;0.893364;0.905991;0.868272;0.896296;0.905489;0.915060;0.914209;0.885111;0.882501;0.893796;0.906598;0.911426;0.896996;0.910447;0.904900;0.889723;0.895663;0.906230;0.906310;0.905077;0.894089;0.911758;0.901175;0.900733;0.888825;0.904556;0.864391;0.917246;0.900632;0.886701;0.891945;0.908300;0.899224;0.359576;0.872019;0.913785;0.912866;0.889022;0.908457;0.896605;0.903692;0.908742;0.918982;0.883319;0.886896;0.915418;0.918712;0.895796;0.915249;0.903988;0.907755;0.906063;0.903230;0.866233;0.907561;0.906082;0.912477;0.900967;0.906837;0.870178;0.919352;0.906823;0.873852;0.908109;0.885744;0.906968;0.909995;0.904738;0.910482;0.919517;0.907051;0.902674;0.921481;0.870918;0.919212;0.906737;0.897336;0.918647;0.886493;0.865623;0.906280;0.904824;0.899136;0.918566;0.906119;0.887000;0.882429;0.900127;0.864210;0.918971;0.905972;0.897136;0.912632;0.904825;0.889892;0.905396;0.918064;0.901279;0.910033;0.880539;0.909253;0.902689;0.894515;0.907705;0.895800;0.919367;0.866273;0.884962;0.900479;0.336253;0.882017;0.910042;0.905392;0.868101;0.900375;0.882710;0.897289;0.912710;0.919269;0.886821;0.918448;0.910864;0.911656;0.895920;0.915267;0.907344;0.867115;0.899974;0.907310;0.864741;0.907958;0.901589;0.905558;0.905078;0.916391;0.908105;0.910446;0.907181;0.883068;0.870969;0.896003;0.890036;0.907880;0.890334;0.903001;0.900000;0.911885;0.895143;0.916893;0.914854;0.905854;0.901644;0.872386;0.901378;0.887307;0.899294;0.864051;0.908739;0.865800;0.881062;0.900281;0.912620;0.870950;0.891094;0.882621;0.909627;0.920039;0.869843;0.912970;0.107341;0.899058;0.911131;0.868480;0.922321;0.901297;0.897201;0.867187;0.894798;0.906844;0.889817;0.905846;0.901791;0.915143;0.870621;0.907381;0.911744;0.864982;0.903379;0.908805;0.322333;0.907739;0.908975;0.899119;0.912646
220668;0.830536;0.831226;0.852125;0.865988;0.000000;0.803628;0.848123;0.847360;0.838231;0.821752;0.849158;0.801130;0.832591;0.818892;0.870657;0.838649;0.847038;0.842433;0.804384;0.835507;0.849138;0.832170;0.831262;0.811658;0.828430;0.834744;0.857115;0.841189;0.841417;0.841458;0.848792;0.821785;0.812653;0.846500;0.856901;0.833600;0.850273;0.827680;0.829223;0.844460;0.821099;0.821358;0.799392;0.850404;0.850306;0.810897;0.826436;0.848810;0.843982;0.867821;0.809348;0.830619;0.829513;0.821226;0.849834;0.834321;0.820850;0.838274;0.836825;0.839015;0.830142;0.827173;0.838832;0.811334;0.828996;0.842129;0.843908;0.856671;0.829171;0.282803;0.827022;0.855085;0.849979;0.846178;0.857769;0.878532;0.839427;0.825626;0.879081;0.851272;0.809588;0.856712;0.844703;0.849624;0.839945;0.838487;0.857823;0.837711;0.843955;0.802423;0.839010;0.855891;0.841622;0.841285;0.830306;0.810294;0.855829;0.856243;0.840694;0.833856;0.846329;0.833107;0.836844;0.843802;0.872157;0.850747;0.850155;0.840247;0.828416;0.821066;0.825291;0.837090;0.835794;0.826692;0.841045;0.797504;0.851257;0.837023;0.810834;0.858103;0.833460;0.840327;0.806930;0.812006;0.841436;0.858337;0.837711;0.845977;0.843863;0.814699;0.880736;0.827149;0.814683;0.828775;0.838790;0.810561;0.837182;0.844102;0.846417;0.833130;0.827242;0.848779;0.812985;0.823373;0.849186;0.314792;0.838355;0.827741;0.854246;0.832005;0.829608;0.851260;0.852437;0.846456;0.828547;0.802384;0.832958;0.826291;0.838723;0.828992;0.831344;0.881289;0.848058;0.852778;0.848484;0.831739;0.851805;0.834208;0.803215;0.844009;0.834626;0.840150;0.755809;0.838442;0.808576;0.884341;0.881283;0.828415;0.803062;0.834153;0.828263;0.843173;0.842413;0.807104;0.851328;0.866096;0.844354;0.846678;0.802962;0.843822;0.826901;0.841841;0.816531;0.851362;0.828132;0.852799;0.825589;0.826846;0.846449;0.801148;0.857288;0.827661;0.268061;0.850547;0.851007;0.870003;0.837602;0.850433;0.840981;0.828492
568704;0.815849;0.854223;0.855172;0.868272;0.803628;0.000000;0.857306;0.871013;0.820333;0.842099;0.858256;0.812289;0.820296;0.812179;0.861499;0.853532;0.850489;0.856631;0.396332;0.848138;0.858315;0.855253;0.854284;0.813323;0.814981;0.851642;0.864177;0.860062;0.848615;0.859601;0.858183;0.813872;0.828310;0.852770;0.859228;0.841946;0.852794;0.849258;0.831717;0.852926;0.812736;0.835588;0.815047;0.873268;0.856444;0.815246;0.817611;0.857186;0.854387;0.869300;0.452118;0.853688;0.850919;0.812045;0.858141;0.847392;0.834573;0.858633;0.858944;0.819954;0.818907;0.853427;0.864955;0.828806;0.854969;0.849352;0.852847;0.859025;0.838589;0.801786;0.842708;0.857610;0.868713;0.856797;0.866933;0.868595;0.860419;0.841278;0.869975;0.857355;0.813658;0.864189;0.864359;0.860945;0.858532;0.860573;0.867324;0.852530;0.869383;0.768805;0.860057;0.865996;0.848921;0.866378;0.818861;0.812688;0.863599;0.863173;0.849399;0.859399;0.852420;0.820511;0.817972;0.851920;0.862206;0.873848;0.858935;0.847715;0.850148;0.835596;0.843128;0.856408;0.857856;0.840909;0.859231;0.807620;0.858229;0.852073;0.827475;0.860230;0.846504;0.866356;0.821407;0.813729;0.850611;0.863013;0.818439;0.864994;0.850576;0.827385;0.874398;0.814588;0.831368;0.850822;0.860295;0.814888;0.859125;0.861583;0.856121;0.846700;0.853955;0.854811;0.814009;0.838044;0.855748;0.804818;0.846941;0.841822;0.864140;0.840711;0.855578;0.857348;0.860664;0.853797;0.814569;0.768902;0.846071;0.844658;0.858499;0.846913;0.839588;0.874532;0.867091;0.855140;0.871688;0.854839;0.860365;0.849408;0.773775;0.852578;0.821530;0.852515;0.804834;0.858669;0.811349;0.875844;0.874629;0.850123;0.770888;0.850221;0.814970;0.853289;0.867774;0.430701;0.869976;0.868391;0.854851;0.855957;0.143883;0.864743;0.841157;0.848840;0.829180;0.854386;0.842688;0.834022;0.840612;0.841096;0.869973;0.768145;0.859841;0.849243;0.801680;0.858760;0.857369;0.872365;0.857758;0.858635;0.853046;0.850195
1225205;0.852646;0.809090;0.831977;0.912790;0.848123;0.857306;0.000000;0.806710;0.858440;0.807631;0.811651;0.818750;0.853017;0.828557;0.891237;0.824358;0.827331;0.829421;0.857038;0.828803;0.812256;0.808919;0.808641;0.844854;0.849518;0.839752;0.826325;0.793014;0.822123;0.794582;0.811122;0.831805;0.804917;0.806044;0.826744;0.817942;0.829722;0.820720;0.813498;0.813210;0.830862;0.818627;0.855008;0.811407;0.827516;0.841312;0.836589;0.800748;0.817712;0.914501;0.860247;0.807997;0.822409;0.832513;0.802330;0.827442;0.817263;0.812983;0.834261;0.859674;0.849623;0.805775;0.806563;0.801413;0.807493;0.803123;0.308937;0.827709;0.811847;0.844718;0.826091;0.823987;0.817596;0.818411;0.825534;0.896048;0.836526;0.824395;0.897892;0.806989;0.839753;0.825335;0.813098;0.817017;0.793060;0.836293;0.825558;0.824083;0.812066;0.852819;0.836110;0.823206;0.821401;0.809128;0.850616;0.852087;0.823931;0.822675;0.809724;0.814581;0.807188;0.853114;0.856542;0.811502;0.892313;0.811457;0.813545;0.820181;0.822271;0.817415;0.828320;0.815989;0.832926;0.791770;0.793454;0.819722;0.807490;0.823055;0.801861;0.829182;0.828215;0.807424;0.862346;0.845331;0.808975;0.906965;0.857874;0.815396;0.802537;0.868020;0.924925;0.847819;0.805713;0.821589;0.835405;0.840712;0.834226;0.795981;0.374071;0.825976;0.806187;0.808809;0.853253;0.789946;0.804946;0.848372;0.822869;0.793144;0.821540;0.817144;0.809309;0.806971;0.805924;0.802197;0.849707;0.852627;0.827784;0.831178;0.813694;0.832816;0.814789;0.925632;0.815188;0.833739;0.809217;0.807979;0.815112;0.822314;0.853277;0.810878;0.855329;0.811357;0.860913;0.813553;0.850203;0.903492;0.925551;0.822295;0.852546;0.836922;0.849011;0.377507;0.810372;0.859249;0.819191;0.912740;0.817954;0.322185;0.856136;0.841838;0.793126;0.822637;0.869924;0.831459;0.827775;0.872142;0.824846;0.792541;0.808472;0.851248;0.827478;0.820697;0.844843;0.817779;0.806267;0.916536;0.813031;0.803175;0.811576;0.822382
1624;0.871169;0.770281;0.842403;0.917507;0.847360;0.871013;0.806710;0.000000;0.872829;0.783043;0.816993;0.813619;0.869197;0.841660;0.902997;0.798795;0.836870;0.804627;0.870141;0.807757;0.817315;0.768704;0.769455;0.853740;0.866880;0.819360;0.833041;0.777668;0.830568;0.782321;0.817895;0.846511;0.794530;0.811076;0.847742;0.809566;0.840368;0.793626;0.810942;0.825073;0.845493;0.810142;0.857416;0.455698;0.834474;0.848478;0.852067;0.804929;0.826227;0.918811;0.873689;0.768589;0.795719;0.847365;0.805988;0.804972;0.808906;0.770288;0.813281;0.874752;0.864089;0.760850;0.757222;0.788025;0.761655;0.805686;0.798913;0.848661;0.801413;0.843456;0.806555;0.842681;0.777546;0.826615;0.830341;0.907019;0.815514;0.803161;0.908953;0.812509;0.846400;0.831770;0.771816;0.820870;0.778854;0.815650;0.830326;0.798616;0.766221;0.868555;0.815176;0.826441;0.829887;0.761306;0.866004;0.857512;0.830521;0.829377;0.820021;0.771677;0.812390;0.868588;0.871160;0.823804;0.904421;0.402154;0.819192;0.828034;0.796266;0.808228;0.804634;0.775847;0.811281;0.798007;0.781010;0.817232;0.810329;0.797847;0.789647;0.848092;0.807796;0.758151;0.864569;0.854411;0.818688;0.911462;0.872479;0.775538;0.807165;0.871278;0.936479;0.864478;0.793216;0.794962;0.813638;0.848134;0.812518;0.782411;0.804697;0.803679;0.760980;0.813569;0.858667;0.797199;0.809677;0.847884;0.814961;0.799970;0.825811;0.809618;0.765439;0.812491;0.809917;0.806025;0.867658;0.868373;0.807331;0.808272;0.772417;0.810086;0.806249;0.937286;0.772931;0.842940;0.448022;0.767436;0.822687;0.798008;0.867931;0.821349;0.871876;0.817968;0.865298;0.771102;0.855515;0.914576;0.937088;0.796226;0.867787;0.815145;0.866123;0.798775;0.763764;0.872641;0.778722;0.917524;0.826851;0.806183;0.869128;0.822615;0.799076;0.831055;0.873085;0.842146;0.808571;0.886367;0.804882;0.797082;0.435182;0.866946;0.846992;0.793593;0.843302;0.823342;0.809768;0.921446;0.771687;0.808136;0.818511;0.796329
1398;0.755545;0.854246;0.858240;0.883597;0.838231;0.820333;0.858440;0.872829;0.000000;0.822974;0.868332;0.824783;0.760869;0.767637;0.863929;0.868012;0.852810;0.870985;0.821152;0.867468;0.868478;0.856456;0.855030;0.788806;0.756306;0.866193;0.865868;0.862050;0.853083;0.860943;0.868254;0.766736;0.818354;0.849547;0.871969;0.825550;0.855979;0.819268;0.813212;0.863589;0.764974;0.804117;0.846277;0.875650;0.861223;0.789491;0.771123;0.854677;0.868466;0.885349;0.824579;0.854367;0.820767;0.764955;0.856690;0.866551;0.801205;0.869306;0.832083;0.315300;0.760352;0.849946;0.860519;0.820363;0.852934;0.843967;0.856235;0.872001;0.821616;0.835887;0.840253;0.870355;0.875238;0.869442;0.879156;0.871194;0.832959;0.840003;0.873322;0.855826;0.789402;0.866344;0.870842;0.872122;0.860713;0.833930;0.879538;0.867241;0.864102;0.824915;0.831047;0.877860;0.852924;0.862390;0.757376;0.838621;0.866295;0.868145;0.861621;0.855639;0.850661;0.761920;0.394400;0.862910;0.864430;0.875604;0.869169;0.851488;0.820969;0.804863;0.859811;0.866694;0.831081;0.848679;0.861073;0.819889;0.857339;0.866714;0.818974;0.873573;0.865478;0.861713;0.853071;0.787767;0.860426;0.878586;0.300656;0.872257;0.845643;0.858331;0.842469;0.755692;0.823436;0.821354;0.832993;0.788620;0.832173;0.864720;0.856751;0.865681;0.850302;0.853408;0.840410;0.845081;0.854221;0.839082;0.831443;0.848630;0.875860;0.823012;0.851394;0.855824;0.859011;0.851484;0.756428;0.824848;0.865230;0.861139;0.869354;0.863905;0.823762;0.842380;0.874043;0.858953;0.874267;0.855695;0.871694;0.862577;0.825233;0.862298;0.759922;0.863217;0.838273;0.869305;0.837038;0.875928;0.842633;0.820058;0.824667;0.866476;0.756140;0.854148;0.862904;0.823199;0.876579;0.883845;0.868516;0.857655;0.819642;0.837627;0.848902;0.853481;0.861252;0.857944;0.841748;0.541173;0.839295;0.848776;0.871596;0.823064;0.870762;0.819253;0.835471;0.862500;0.855238;0.886837;0.868485;0.857337;0.864369;0.820132
1348908;0.808923;0.764182;0.832228;0.905718;0.821752;0.842099;0.807631;0.783043;0.822974;0.000000;0.822882;0.791631;0.811892;0.769610;0.892216;0.815685;0.824420;0.819073;0.841204;0.824682;0.824088;0.766390;0.764353;0.768808;0.802366;0.823561;0.829609;0.784974;0.817024;0.788181;0.825056;0.776758;0.755114;0.811450;0.836457;0.771974;0.829077;0.705014;0.777471;0.822407;0.777405;0.716429;0.835850;0.792374;0.829823;0.761051;0.784153;0.810743;0.826540;0.906802;0.845491;0.764406;0.706646;0.777000;0.813347;0.821115;0.717566;0.797511;0.708444;0.824897;0.803127;0.742664;0.753513;0.750962;0.752329;0.800969;0.808501;0.837182;0.764137;0.815811;0.788379;0.832449;0.808423;0.827091;0.839725;0.899998;0.717136;0.788050;0.898291;0.818523;0.760162;0.827756;0.801093;0.825766;0.784424;0.713399;0.840028;0.814511;0.760840;0.838660;0.718068;0.834451;0.816598;0.762629;0.805180;0.841018;0.826479;0.830483;0.817607;0.754325;0.812477;0.809718;0.820579;0.821590;0.895071;0.787851;0.825541;0.813718;0.703840;0.713120;0.811726;0.801197;0.708559;0.799625;0.787939;0.789131;0.817151;0.813208;0.754161;0.836651;0.821339;0.755890;0.846418;0.769919;0.815602;0.897993;0.823610;0.804405;0.804499;0.854515;0.883827;0.797944;0.757970;0.704510;0.714714;0.759594;0.711376;0.795999;0.805092;0.819676;0.744150;0.816519;0.843898;0.794442;0.815095;0.822676;0.779242;0.800757;0.834302;0.767893;0.749153;0.818510;0.816083;0.809756;0.803136;0.838186;0.820270;0.813107;0.800554;0.818485;0.773192;0.885153;0.805058;0.833016;0.789098;0.764584;0.831448;0.807150;0.835252;0.818183;0.814305;0.814386;0.838355;0.797926;0.839381;0.902360;0.884800;0.703996;0.837501;0.825814;0.801126;0.800920;0.760901;0.844725;0.810572;0.905825;0.827211;0.807985;0.837948;0.721725;0.801227;0.817987;0.860226;0.832576;0.794868;0.843305;0.790366;0.799132;0.785500;0.836621;0.835308;0.704999;0.814544;0.820307;0.815541;0.909914;0.798251;0.814869;0.817120;0.703542
370552;0.862833;0.821080;0.828019;0.905662;0.849158;0.858256;0.811651;0.816993;0.868332;0.822882;0.000000;0.824959;0.863045;0.841888;0.889057;0.830908;0.823141;0.835819;0.857339;0.830882;0.318770;0.819583;0.818504;0.854842;0.860059;0.842901;0.825187;0.788010;0.818472;0.788909;0.318815;0.845215;0.817612;0.811180;0.815912;0.827218;0.824949;0.840407;0.823261;0.709226;0.843830;0.837575;0.852406;0.821760;0.824691;0.852934;0.849638;0.808388;0.814189;0.904291;0.861137;0.819536;0.841978;0.845289;0.810411;0.827033;0.836183;0.819735;0.854042;0.869217;0.860452;0.820812;0.820401;0.814317;0.821566;0.808032;0.801218;0.817275;0.822264;0.845959;0.833274;0.811921;0.824851;0.816192;0.821760;0.893410;0.855650;0.829530;0.894107;0.811418;0.850510;0.824051;0.821661;0.811849;0.784796;0.856650;0.822174;0.830899;0.827050;0.854278;0.856143;0.816525;0.817987;0.822565;0.861735;0.852581;0.823218;0.819657;0.709493;0.828008;0.809604;0.862040;0.865063;0.712089;0.889759;0.821758;0.332907;0.816936;0.842416;0.836402;0.830491;0.823599;0.852485;0.797959;0.787485;0.826752;0.810266;0.830278;0.815563;0.816256;0.830925;0.821252;0.858024;0.855709;0.712351;0.900731;0.866655;0.823297;0.806958;0.864949;0.928274;0.859066;0.817957;0.841588;0.854891;0.852497;0.853975;0.788206;0.810382;0.827296;0.821849;0.811370;0.852441;0.796904;0.809746;0.849401;0.832041;0.798676;0.818623;0.827641;0.824633;0.811401;0.813311;0.807009;0.860223;0.853655;0.830339;0.835031;0.822285;0.835783;0.825023;0.928884;0.822069;0.826181;0.819573;0.819126;0.308038;0.831226;0.854758;0.704272;0.865427;0.810967;0.860375;0.819569;0.850978;0.902790;0.928804;0.842356;0.853554;0.838611;0.859769;0.805549;0.824859;0.859922;0.826707;0.905563;0.814244;0.810209;0.855455;0.862051;0.798620;0.818416;0.864920;0.827727;0.833182;0.880124;0.830598;0.796883;0.820182;0.852711;0.814986;0.840388;0.845181;0.816014;0.809420;0.909517;0.822114;0.812607;0.810182;0.841607
525318;0.820346;0.801001;0.836279;0.882839;0.801130;0.812289;0.818750;0.813619;0.824783;0.791631;0.824959;0.000000;0.823023;0.800534;0.875682;0.816857;0.829541;0.821500;0.810703;0.818284;0.827183;0.800519;0.795891;0.809675;0.816269;0.821043;0.839653;0.809731;0.826149;0.812147;0.828070;0.805150;0.786493;0.821516;0.842402;0.797101;0.832840;0.803448;0.801609;0.825773;0.804197;0.800855;0.814268;0.819841;0.835264;0.807932;0.810512;0.821502;0.829222;0.871729;0.816365;0.800028;0.805470;0.803869;0.822982;0.812546;0.800026;0.807589;0.812770;0.825894;0.818463;0.793815;0.803369;0.782510;0.796806;0.815564;0.813835;0.842652;0.791757;0.796544;0.806198;0.838387;0.821155;0.830750;0.840238;0.882509;0.812192;0.803465;0.871399;0.825844;0.805714;0.839031;0.815818;0.826736;0.809116;0.818747;0.840553;0.816410;0.809737;0.812321;0.818981;0.834486;0.826026;0.806891;0.820190;0.797681;0.837731;0.837824;0.820366;0.792564;0.820952;0.821250;0.820998;0.824739;0.877500;0.816991;0.828332;0.824389;0.804704;0.799274;0.808049;0.810173;0.808310;0.802781;0.811496;0.442644;0.822725;0.815133;0.786618;0.831402;0.816652;0.804721;0.820683;0.810664;0.820472;0.876191;0.823042;0.817624;0.817622;0.828813;0.897795;0.814568;0.780143;0.805090;0.811430;0.807040;0.809836;0.815053;0.817337;0.813985;0.795098;0.823455;0.798906;0.799920;0.823576;0.801224;0.803222;0.804007;0.836221;0.795815;0.798131;0.825828;0.825768;0.818607;0.816384;0.811689;0.815943;0.811627;0.810347;0.814668;0.805836;0.898588;0.817682;0.831592;0.817733;0.799877;0.832017;0.812944;0.811365;0.823148;0.825171;0.823145;0.813221;0.802979;0.795845;0.889275;0.898467;0.804713;0.811641;0.819508;0.815890;0.812850;0.808172;0.815046;0.822794;0.882874;0.829977;0.818030;0.798577;0.824474;0.803577;0.826826;0.832763;0.835677;0.807878;0.841528;0.804854;0.801721;0.815431;0.810525;0.842285;0.803418;0.794857;0.831293;0.823737;0.887311;0.809348;0.823888;0.824220;0.803987
692420;0.719460;0.847799;0.854226;0.886811;0.832591;0.820296;0.853017;0.869197;0.760869;0.811892;0.863045;0.823023;0.000000;0.718984;0.865431;0.865674;0.848662;0.868311;0.820774;0.865092;0.863270;0.850512;0.848753;0.770231;0.721575;0.864340;0.861131;0.855007;0.848110;0.853843;0.863323;0.718441;0.813613;0.845395;0.862501;0.816991;0.851914;0.805624;0.805879;0.858376;0.715474;0.783301;0.842676;0.872143;0.857325;0.770934;0.723710;0.851513;0.860774;0.888503;0.824616;0.848163;0.807129;0.715568;0.853329;0.864106;0.779691;0.867084;0.817469;0.760307;0.552314;0.841560;0.851213;0.815945;0.845462;0.838841;0.851266;0.862558;0.812997;0.829661;0.832112;0.860559;0.872939;0.861928;0.873198;0.874133;0.818925;0.832235;0.875199;0.852635;0.771441;0.860999;0.868369;0.865241;0.853295;0.819130;0.873497;0.864729;0.855158;0.821462;0.817078;0.871567;0.848054;0.853836;0.546900;0.837500;0.861215;0.863706;0.856161;0.847957;0.846091;0.541389;0.761501;0.857488;0.866639;0.871779;0.864192;0.846471;0.807191;0.783832;0.857944;0.863979;0.816796;0.843245;0.854019;0.817773;0.854103;0.864058;0.814959;0.864071;0.862690;0.852631;0.850420;0.769176;0.854951;0.881237;0.761781;0.869720;0.840961;0.855882;0.823816;0.720497;0.819260;0.807209;0.819165;0.770064;0.818049;0.858457;0.851006;0.863214;0.842072;0.849272;0.839593;0.839277;0.850740;0.833394;0.823545;0.843299;0.869539;0.814198;0.843155;0.852633;0.855912;0.847618;0.721106;0.821392;0.862067;0.858916;0.867124;0.862240;0.815789;0.823779;0.871748;0.855085;0.870692;0.849583;0.866983;0.859255;0.821339;0.856590;0.542365;0.854833;0.832193;0.867007;0.835937;0.877316;0.823976;0.806082;0.821649;0.865311;0.721189;0.848474;0.853991;0.823071;0.874590;0.886985;0.860865;0.852270;0.819115;0.823879;0.843708;0.848509;0.859498;0.853852;0.834411;0.778576;0.831585;0.843394;0.868192;0.819813;0.861454;0.805628;0.829304;0.856895;0.851905;0.890265;0.866174;0.854108;0.856333;0.806213
1230477;0.727121;0.818752;0.836781;0.889054;0.818892;0.812179;0.828557;0.841660;0.767637;0.769610;0.841888;0.800534;0.718984;0.000000;0.865519;0.844138;0.829195;0.846868;0.811514;0.845796;0.842175;0.820466;0.819236;0.745682;0.722816;0.846669;0.842668;0.826819;0.826349;0.827730;0.843822;0.331542;0.781636;0.825176;0.841994;0.788053;0.833647;0.765835;0.778775;0.837741;0.334275;0.742313;0.830981;0.848215;0.838937;0.744947;0.349990;0.830645;0.840661;0.890440;0.815881;0.818836;0.767519;0.583427;0.832984;0.843696;0.741222;0.842600;0.771621;0.768104;0.711366;0.806713;0.818536;0.783711;0.813741;0.816013;0.829022;0.842195;0.783719;0.813797;0.808900;0.838612;0.850144;0.842193;0.855960;0.875089;0.776524;0.808201;0.874265;0.833380;0.743895;0.841951;0.845058;0.844556;0.824934;0.775490;0.856217;0.843346;0.823975;0.810297;0.776522;0.852207;0.826265;0.824402;0.713133;0.826178;0.841118;0.844143;0.833681;0.816054;0.825158;0.715988;0.764770;0.836722;0.867645;0.845827;0.843482;0.823967;0.765307;0.740602;0.837586;0.841126;0.771795;0.819307;0.827648;0.794928;0.833810;0.842160;0.783059;0.842877;0.842611;0.820547;0.839775;0.746893;0.832193;0.882104;0.766320;0.846395;0.819120;0.847381;0.833017;0.719697;0.787838;0.766886;0.776154;0.743483;0.773974;0.834118;0.826986;0.842366;0.808347;0.829279;0.828041;0.814354;0.830727;0.819702;0.796049;0.820187;0.851441;0.784363;0.811447;0.833366;0.835366;0.826048;0.722559;0.810114;0.841731;0.839660;0.843720;0.844033;0.788697;0.833670;0.847936;0.837022;0.845853;0.819500;0.848565;0.836902;0.807739;0.834217;0.719490;0.832607;0.822240;0.842590;0.824423;0.877718;0.833536;0.765399;0.809231;0.848566;0.721732;0.823986;0.823476;0.815134;0.852070;0.889179;0.841037;0.828772;0.809108;0.780676;0.820341;0.827005;0.852153;0.836510;0.812883;0.788996;0.809639;0.818578;0.842795;0.808108;0.841046;0.765819;0.813260;0.835495;0.831365;0.893164;0.842305;0.833975;0.834712;0.765521
767455;0.860269;0.902551;0.875842;0.866316;0.870657;0.861499;0.891237;0.902997;0.863929;0.892216;0.889057;0.875682;0.865431;0.865519;0.000000;0.882152;0.873048;0.882678;0.862239;0.874042;0.888837;0.903408;0.902699;0.869194;0.861315;0.888684;0.884677;0.895671;0.875310;0.893770;0.888087;0.865025;0.883382;0.885202;0.884360;0.885817;0.874069;0.899953;0.877735;0.884814;0.863491;0.888663;0.870547;0.902353;0.880410;0.870234;0.867566;0.887944;0.880921;0.867076;0.864904;0.902209;0.901184;0.864760;0.888394;0.874845;0.886836;0.890841;0.909218;0.863432;0.866630;0.904963;0.907590;0.884162;0.904998;0.883283;0.885619;0.884323;0.883578;0.869955;0.899643;0.883965;0.890325;0.882904;0.889748;0.448423;0.909444;0.898692;0.408720;0.887482;0.869615;0.884763;0.890328;0.887822;0.894574;0.909788;0.890077;0.881045;0.910926;0.860639;0.908640;0.890423;0.876072;0.907988;0.865553;0.861484;0.885198;0.883580;0.883097;0.908402;0.884953;0.866757;0.863835;0.883735;0.407826;0.904515;0.889491;0.875322;0.901406;0.889051;0.884319;0.887921;0.907891;0.885363;0.893656;0.873777;0.889158;0.881611;0.882871;0.885955;0.871307;0.908212;0.873358;0.868418;0.884235;0.864892;0.863345;0.887489;0.884159;0.877313;0.891621;0.861697;0.885935;0.900927;0.909180;0.870451;0.908745;0.894468;0.890136;0.874250;0.904678;0.886084;0.861562;0.883257;0.886805;0.870422;0.889178;0.885044;0.888075;0.885459;0.905499;0.887486;0.890592;0.886271;0.861576;0.860681;0.874424;0.885252;0.889104;0.885919;0.883073;0.891248;0.893787;0.875545;0.901923;0.903264;0.889087;0.878531;0.863190;0.885284;0.866024;0.880625;0.867921;0.890843;0.859951;0.412634;0.891550;0.901000;0.861386;0.887316;0.861433;0.887821;0.909448;0.863141;0.894530;0.866343;0.880792;0.889514;0.862590;0.912684;0.884991;0.875772;0.876144;0.875326;0.899010;0.870806;0.897696;0.885591;0.900796;0.859992;0.885513;0.899942;0.869897;0.881999;0.888031;0.868212;0.889017;0.889023;0.880779;0.901040
880633;0.865083;0.806639;0.846706;0.903564;0.838649;0.853532;0.824358;0.798795;0.868012;0.815685;0.830908;0.816857;0.865674;0.844138;0.882152;0.000000;0.842205;0.413991;0.853694;0.760048;0.831625;0.806037;0.805859;0.855362;0.862477;0.827292;0.844986;0.811429;0.840749;0.813269;0.830518;0.847189;0.814109;0.827436;0.849588;0.828270;0.845156;0.827949;0.825506;0.833980;0.846130;0.831387;0.848745;0.801756;0.845117;0.851993;0.852081;0.824232;0.834319;0.905564;0.856979;0.805112;0.829735;0.848251;0.825414;0.764673;0.829897;0.763138;0.844344;0.869333;0.863032;0.804028;0.805388;0.809435;0.803345;0.825038;0.816318;0.850001;0.822300;0.835912;0.826659;0.846203;0.792805;0.835615;0.840978;0.884818;0.845628;0.824659;0.890316;0.829424;0.850514;0.844018;0.786599;0.834015;0.811637;0.845798;0.841194;0.353849;0.811702;0.850867;0.845259;0.839116;0.840571;0.806908;0.863932;0.845390;0.842915;0.841118;0.830584;0.812088;0.828558;0.866345;0.866715;0.833033;0.884550;0.803607;0.832409;0.839380;0.830039;0.830527;0.814470;0.766091;0.842275;0.814746;0.812193;0.818718;0.829504;0.353458;0.809798;0.850737;0.759004;0.806229;0.854720;0.855564;0.830493;0.897262;0.867760;0.787862;0.825229;0.861037;0.929138;0.861035;0.813767;0.829415;0.844386;0.851606;0.843355;0.813538;0.822641;0.759549;0.803737;0.829629;0.846769;0.813791;0.827668;0.838804;0.832157;0.816190;0.837408;0.827996;0.806627;0.829419;0.829227;0.825218;0.863051;0.850675;0.762288;0.817199;0.760373;0.818431;0.824502;0.929821;0.790419;0.847817;0.799917;0.805152;0.833915;0.408051;0.852170;0.832170;0.868254;0.829748;0.853962;0.763454;0.843602;0.895729;0.929732;0.830014;0.851296;0.823013;0.861997;0.817836;0.809091;0.855636;0.791300;0.903631;0.835190;0.823215;0.852410;0.851407;0.815488;0.841356;0.862262;0.846052;0.827327;0.880437;0.824619;0.814981;0.800133;0.848935;0.849667;0.827929;0.835795;0.837023;0.828608;0.907758;0.760509;0.826554;0.829867;0.830092
1318;0.843219;0.841073;0.600146;0.893364;0.847038;0.850489;0.827331;0.836870;0.852810;0.824420;0.823141;0.829541;0.848662;0.829195;0.873048;0.842205;0.000000;0.846306;0.849813;0.838807;0.822746;0.840417;0.840148;0.836690;0.840881;0.850948;0.812056;0.820407;0.809506;0.820617;0.823777;0.831887;0.821839;0.811797;0.834859;0.821861;0.543440;0.839181;0.816566;0.820340;0.830472;0.834883;0.848647;0.841556;0.816669;0.835769;0.836146;0.811845;0.805904;0.893355;0.853323;0.839863;0.841015;0.831413;0.812218;0.836970;0.833693;0.838119;0.852292;0.853465;0.845769;0.838435;0.840086;0.820240;0.840237;0.808968;0.819570;0.835120;0.817439;0.844214;0.841238;0.831955;0.841175;0.810223;0.823877;0.878339;0.854021;0.838071;0.880346;0.814120;0.833370;0.809932;0.838200;0.816356;0.818877;0.854401;0.824738;0.842211;0.845688;0.845080;0.853768;0.820598;0.808930;0.842474;0.847046;0.842916;0.808485;0.805800;0.816264;0.846073;0.810705;0.847991;0.850362;0.818723;0.873291;0.842082;0.824692;0.808420;0.840909;0.833886;0.839609;0.839134;0.850898;0.814258;0.819599;0.829486;0.814164;0.841679;0.819918;0.836141;0.838301;0.841114;0.853957;0.837413;0.817126;0.888696;0.851075;0.838963;0.809019;0.860802;0.905873;0.840117;0.823504;0.840560;0.853503;0.835128;0.852262;0.822451;0.826290;0.836244;0.839270;0.812763;0.842436;0.812060;0.812608;0.847706;0.827227;0.814911;0.819520;0.822056;0.841839;0.814105;0.815821;0.809922;0.841364;0.844731;0.837964;0.843437;0.839054;0.844881;0.818678;0.906244;0.839045;0.543258;0.839645;0.839819;0.826746;0.841525;0.845674;0.818772;0.850388;0.803736;0.852056;0.838475;0.841195;0.888303;0.906338;0.840871;0.844772;0.847729;0.840813;0.821424;0.843947;0.852194;0.843219;0.893505;0.805988;0.826078;0.848945;0.859260;0.815143;0.809982;0.860959;0.602021;0.840690;0.865810;0.838630;0.813711;0.838588;0.843652;0.836263;0.839167;0.844382;0.801954;0.813388;0.896926;0.838769;0.813724;0.805261;0.840836
326425;0.867596;0.811629;0.850537;0.905991;0.842433;0.856631;0.829421;0.804627;0.870985;0.819073;0.835819;0.821500;0.868311;0.846868;0.882678;0.413991;0.846306;0.000000;0.857051;0.771223;0.836439;0.811191;0.810953;0.857684;0.864987;0.831746;0.849298;0.816799;0.844849;0.818363;0.835397;0.849878;0.818062;0.832525;0.853751;0.832158;0.849269;0.830537;0.829702;0.838659;0.848936;0.833571;0.852048;0.807375;0.849398;0.854124;0.854703;0.829836;0.838828;0.907842;0.860330;0.810259;0.832305;0.850907;0.830985;0.775267;0.832211;0.771360;0.845723;0.872166;0.865675;0.808705;0.810281;0.813609;0.808403;0.829990;0.822045;0.854121;0.826276;0.839696;0.831084;0.850615;0.797406;0.840073;0.845167;0.883831;0.847194;0.829383;0.891043;0.834784;0.852739;0.848303;0.792947;0.838859;0.816998;0.847174;0.845308;0.384127;0.816218;0.853826;0.846849;0.843814;0.844730;0.811926;0.866458;0.848927;0.847147;0.845784;0.835416;0.816526;0.834085;0.868963;0.869664;0.837630;0.887501;0.809076;0.837218;0.843727;0.832391;0.832775;0.819777;0.773968;0.843791;0.819971;0.817397;0.823240;0.834571;0.393093;0.813926;0.855005;0.768580;0.811104;0.858248;0.857973;0.835191;0.900341;0.870832;0.794304;0.830210;0.863915;0.929942;0.863437;0.817834;0.831740;0.845936;0.853709;0.844925;0.818951;0.827749;0.768715;0.808299;0.835095;0.850517;0.818845;0.833033;0.842322;0.835735;0.821388;0.841566;0.831643;0.810989;0.834775;0.834573;0.830285;0.865575;0.853638;0.773356;0.822125;0.768550;0.823601;0.828547;0.930604;0.796912;0.851997;0.805745;0.810337;0.838731;0.434287;0.855080;0.836842;0.870927;0.834096;0.857468;0.771747;0.847432;0.895631;0.930544;0.832366;0.854446;0.828304;0.864536;0.823214;0.813770;0.859153;0.797589;0.906079;0.840142;0.828344;0.856208;0.852544;0.820634;0.845529;0.865460;0.849989;0.831936;0.883034;0.829205;0.820229;0.805382;0.852178;0.853704;0.830512;0.839434;0.841496;0.834041;0.909887;0.768205;0.831866;0.834299;0.832439
1457191;0.816361;0.854602;0.855334;0.868272;0.804384;0.396332;0.857038;0.870141;0.821152;0.841204;0.857339;0.810703;0.820774;0.811514;0.862239;0.853694;0.849813;0.857051;0.000000;0.848133;0.857366;0.854331;0.854288;0.812504;0.814199;0.852300;0.864787;0.859131;0.847618;0.860060;0.858829;0.813954;0.828015;0.853213;0.859496;0.841521;0.852481;0.849170;0.830876;0.853138;0.813030;0.835655;0.815052;0.874244;0.856511;0.815102;0.817590;0.857074;0.854829;0.868353;0.451783;0.853906;0.850863;0.811093;0.858004;0.846005;0.834615;0.857744;0.858244;0.820775;0.818146;0.852564;0.864264;0.829308;0.855121;0.848312;0.853371;0.859154;0.838951;0.800644;0.843157;0.856526;0.868601;0.857405;0.868099;0.869792;0.860403;0.840479;0.870034;0.857297;0.812795;0.864927;0.865302;0.860346;0.857547;0.860220;0.868400;0.852000;0.869128;0.769351;0.860050;0.865175;0.847847;0.866800;0.819384;0.811911;0.864200;0.863341;0.848201;0.859614;0.851282;0.819683;0.817422;0.852108;0.862817;0.874594;0.858136;0.846655;0.849994;0.834694;0.842310;0.855615;0.857326;0.841280;0.859676;0.806065;0.857097;0.850932;0.827617;0.859129;0.846341;0.865647;0.818963;0.813607;0.849693;0.862922;0.818087;0.865346;0.850571;0.827429;0.874403;0.813910;0.831645;0.850915;0.860203;0.814719;0.858718;0.862184;0.856499;0.845392;0.854028;0.853630;0.811893;0.838423;0.855686;0.804265;0.847336;0.842151;0.865417;0.840518;0.855722;0.857278;0.859907;0.852629;0.813663;0.769473;0.846135;0.845648;0.858733;0.847852;0.840357;0.874559;0.866321;0.854332;0.872850;0.854322;0.860960;0.849081;0.767550;0.851602;0.821794;0.852894;0.803782;0.857801;0.811105;0.876736;0.874618;0.849998;0.768675;0.851360;0.814276;0.853746;0.867920;0.324947;0.870492;0.868364;0.855282;0.856436;0.405238;0.864273;0.841413;0.847732;0.829643;0.854572;0.843127;0.834940;0.841232;0.840033;0.870831;0.767332;0.860120;0.849153;0.800031;0.858856;0.856170;0.872693;0.858092;0.858589;0.853619;0.850069
695562;0.864025;0.815490;0.842924;0.896296;0.835507;0.848138;0.828803;0.807757;0.867468;0.824682;0.830882;0.818284;0.865092;0.845796;0.874042;0.760048;0.838807;0.771223;0.848133;0.000000;0.831396;0.814720;0.814600;0.856422;0.861933;0.827937;0.843742;0.817486;0.838153;0.819111;0.830292;0.848655;0.819225;0.829530;0.849304;0.830932;0.841465;0.836810;0.826522;0.832883;0.847293;0.838690;0.843707;0.810693;0.842175;0.853664;0.853209;0.826520;0.830702;0.897622;0.851564;0.813910;0.838736;0.849623;0.827392;0.338387;0.837250;0.759978;0.853387;0.868793;0.862885;0.813978;0.816059;0.815153;0.813045;0.827702;0.819867;0.849572;0.825286;0.833606;0.829831;0.846217;0.797926;0.832271;0.838519;0.878456;0.854257;0.827387;0.882303;0.830506;0.851884;0.843139;0.793806;0.832141;0.817472;0.854877;0.838700;0.762722;0.822506;0.845240;0.854067;0.836712;0.838090;0.817402;0.863631;0.840233;0.841956;0.839335;0.829625;0.821772;0.829651;0.865675;0.866140;0.831713;0.875147;0.812898;0.832264;0.837052;0.839064;0.838227;0.815937;0.762236;0.851458;0.815668;0.818004;0.820227;0.830571;0.760957;0.815124;0.850778;0.317676;0.816921;0.850123;0.856799;0.830094;0.891387;0.866879;0.791923;0.827594;0.856020;0.927106;0.860882;0.819016;0.838424;0.853327;0.853379;0.852436;0.818685;0.827402;0.446697;0.813707;0.830656;0.841031;0.814506;0.829025;0.836406;0.834822;0.816934;0.835426;0.831062;0.816319;0.830507;0.831240;0.826938;0.862627;0.845081;0.328056;0.818641;0.756625;0.819377;0.826608;0.927704;0.796851;0.843592;0.808562;0.814104;0.833127;0.766952;0.846749;0.831747;0.867545;0.827575;0.848142;0.760481;0.838366;0.889518;0.927628;0.839023;0.845250;0.823554;0.861651;0.822597;0.819823;0.849733;0.798069;0.896284;0.831333;0.827338;0.847904;0.860243;0.816038;0.838862;0.855783;0.842253;0.829609;0.879885;0.827073;0.815740;0.809206;0.843690;0.849596;0.836789;0.833724;0.835881;0.830098;0.900183;0.757184;0.828510;0.827296;0.839102
