;279010;698737;1114965;712938;220668;568704;1225205;1624;1398;1348908;370552;525318;692420;1230477;767455;880633;1318;326425;1457191;695562;1390082;904354;883164;1333862;1402;491077;453366;1154861;1214192;1154879;370554;565143;1391469;1353243;40041;1138890;1073372;260799;1260356;759913;224308;1348623;1350467;1041521;568814;1052684;1315975;862967;347253;575599;1300223;1034809;281309;1236548;862966;695563;545693;1226678;1324966;345219;1390372;1116220;979222;1157358;93061;1095729;210007;1051072;1157475;1350466;1266717;1381085;1037411;1048332;322159;390333;1053233;283734;1269760;862968;1333863;453365;257314;1433289;1154776;180862;1308;1587;1344987;1215914;529122;1436725;1214218;176280;1126211;511437;453362;171101;1000589;1422305;1163301;1198291;1298921;663954;1050107;1273133;1314;1214210;212045;1404;1598;1579;1053174;981539;1154876;525310;857292;767462;226185;681573;1604;1155131;1580;1429244;119602;1381124;1245026;909954;862971;1384064;997761;1232672;1151189;226900;1053215;886882;718222;208435;1225186;1423723;663951;706437;1423728;1258574;862969;1327988;1138915;990317;1051074;1391465;931437;696216;1248420;76860;1131732;1312920;695560;349123;272621;1358027;333849;1036673;33959;888048;1029822;1409679;160490;1226335;1051653;452436;1333538;1200793;1382301;525306;1071400;29397;1116391;568206;1051657;557436;1368424;1225194;1344989;568703;1408186;334390;1304;1225196;525361;79672;637909;1323698;387344;760570;984892;1121088;937773;53354;362948;1318635;553482;198094;1304889;487214;1035184;767453;1226679;1316583;1074494;1412842
279010;0.000000;0.998569;0.999103;0.999113;0.999100;0.999034;0.999382;0.999615;0.997167;0.999414;0.999645;0.999664;0.992191;0.994327;0.998814;0.999305;0.999510;0.999298;0.999679;0.999258;0.999655;0.999510;0.998919;0.999618;0.139690;0.998980;0.998621;0.999835;0.999669;0.998732;0.998773;0.992529;0.999145;0.998940;0.999048;0.999251;0.999347;0.997823;0.999679;0.998959;0.991971;0.997791;0.999207;0.998438;0.999099;0.998884;0.993279;0.999147;0.998758;0.999744;0.999409;0.998811;0.997829;0.994603;0.999140;0.999723;0.997335;0.999776;0.999283;0.997152;0.995209;0.999467;0.999392;0.998605;0.998765;0.999684;0.998994;0.999053;0.998647;0.999704;0.998703;0.999708;0.999432;0.998754;0.998708;0.998770;0.998379;0.999464;0.999362;0.999122;0.999632;0.998632;0.998874;0.999467;0.999840;0.998793;0.998717;0.999136;0.999169;0.999059;0.998136;0.999653;0.999665;0.998716;0.992430;0.998998;0.998808;0.999103;0.999708;0.998633;0.999663;0.995073;0.999100;0.998947;0.998801;0.998918;0.999617;0.999701;0.998096;0.998969;0.999701;0.999679;0.998982;0.998957;0.998887;0.999673;0.999655;0.999288;0.998909;0.999716;0.999279;0.999386;0.999685;0.998908;0.999539;0.999146;0.998706;0.999219;0.999132;0.999051;0.999115;0.191987;0.998779;0.997816;0.998471;0.998884;0.998864;0.998655;0.999058;0.999723;0.998801;0.999692;0.999692;0.998803;0.999125;0.999106;0.998797;0.998623;0.998713;0.999111;0.998560;0.999127;0.999499;0.999700;0.765403;0.999108;0.999277;0.998971;0.999296;0.998947;0.998468;0.999104;0.999692;0.999684;0.998416;0.999426;0.998775;0.998883;0.999649;0.999529;0.992279;0.998632;0.999723;0.999716;0.999008;0.998861;0.999108;0.997876;0.999616;0.998911;0.154706;0.999066;0.998912;0.999036;0.999212;0.999112;0.998748;0.999067;0.999683;0.998915;0.998784;0.999676;0.999017;0.999090;0.998683;0.997150;0.998511;0.999639;0.998433;0.999055;0.998910;0.997826;0.999729;0.999133;0.999669;0.999111;0.999257;0.999134;0.998768;0.997880
698737;0.998569;0.000000;0.998858;0.999030;0.999103;0.998996;0.999138;0.999319;0.998600;0.999433;0.999477;0.999563;0.998430;0.999290;0.998994;0.999076;0.999370;0.999086;0.999682;0.999090;0.999463;0.208303;0.067018;0.999762;0.999658;0.998797;0.998516;0.999612;0.999556;0.998454;0.998412;0.998553;0.998839;0.998665;0.998823;0.999099;0.999163;0.998325;0.999603;0.998665;0.998428;0.998509;0.999125;0.998322;0.998871;0.999252;0.998692;0.998849;0.998421;0.999731;0.999372;0.068582;0.998356;0.999417;0.998839;0.999612;0.998406;0.999583;0.999313;0.998580;0.999471;0.992459;0.991861;0.998260;0.990324;0.999500;0.998668;0.998828;0.998534;0.999659;0.993185;0.999579;0.999184;0.998423;0.998322;0.998911;0.998705;0.995746;0.999389;0.998846;0.999758;0.998535;0.998530;0.999238;0.999614;0.998972;0.998329;0.998893;0.990911;0.999018;0.998583;0.999441;0.999558;0.988720;0.998476;0.998902;0.998533;0.998867;0.999584;0.988693;0.999508;0.999464;0.999704;0.998653;0.998970;0.998634;0.999440;0.999597;0.998426;0.999329;0.999528;0.999481;0.999092;0.998585;0.998448;0.999582;0.999450;0.999073;0.998589;0.999592;0.999124;0.991844;0.999647;0.999257;0.999392;0.999068;0.999462;0.998933;0.998886;0.998827;0.999508;0.999543;0.998445;0.998390;0.998696;0.999255;0.998993;0.998352;0.998767;0.999615;0.989093;0.999547;0.999666;0.998401;0.998850;0.999101;0.998617;0.998372;0.998341;0.998964;0.989166;0.998858;0.999229;0.999517;0.999585;0.999081;0.999109;0.998770;0.999039;0.998745;0.998248;0.999502;0.999464;0.999591;0.998307;0.223571;0.998414;0.998771;0.999640;0.999371;0.998456;0.998490;0.999704;0.999524;0.998896;0.999049;0.999502;0.998373;0.999602;0.998720;0.999500;0.998729;0.989693;0.998993;0.998910;0.999030;0.998406;0.998726;0.999687;0.999098;0.998363;0.999570;0.998909;0.998854;0.992650;0.998578;0.992000;0.999393;0.998330;0.999019;0.998654;0.998323;0.999686;0.998912;0.999485;0.999027;0.998980;0.998832;0.998450;0.998371
1114965;0.999103;0.998858;0.000000;0.998953;0.999053;0.998954;0.996651;0.999323;0.999074;0.999735;0.995966;0.999606;0.999057;0.999487;0.998868;0.998809;0.782524;0.998280;0.999607;0.998714;0.995794;0.999514;0.998852;0.999828;0.999770;0.998910;0.987364;0.997598;0.995715;0.994859;0.993882;0.999105;0.998624;0.992280;0.995261;0.998712;0.782207;0.999191;0.999380;0.994175;0.999047;0.999213;0.999134;0.998512;0.993092;0.999509;0.999148;0.992158;0.985016;0.999626;0.999321;0.998874;0.999200;0.999616;0.987732;0.999473;0.999176;0.999565;0.999685;0.999063;0.999635;0.999479;0.999434;0.998309;0.998865;0.994905;0.995550;0.995343;0.998322;0.999590;0.998976;0.997222;0.999028;0.984364;0.989944;0.998778;0.999325;0.999565;0.999016;0.992356;0.999819;0.987480;0.998651;0.991646;0.997537;0.999513;0.990122;0.998817;0.999165;0.998952;0.999327;0.992228;0.995873;0.998855;0.999086;0.998639;0.987111;0.986493;0.996565;0.998904;0.991046;0.999633;0.999841;0.994022;0.998825;0.998557;0.995937;0.995612;0.999224;0.999636;0.999514;0.999416;0.999491;0.994084;0.994827;0.999632;0.994455;0.998817;0.998258;0.997343;0.998757;0.999425;0.999582;0.999520;0.995634;0.998986;0.999587;0.998685;0.992517;0.998984;0.999668;0.999671;0.998261;0.999228;0.999344;0.999506;0.999432;0.994543;0.996040;0.999477;0.998914;0.994721;0.999271;0.994144;0.992436;0.999053;0.998250;0.994070;0.989492;0.998532;0.998905;0.992386;0.993434;0.994925;0.999668;0.998949;0.998761;0.998904;0.998793;0.998863;0.998148;0.999663;0.999437;0.789593;0.998489;0.999374;0.993757;0.998876;0.999551;0.995761;0.999093;0.985477;0.999604;0.999482;0.998673;0.998948;0.999662;0.999218;0.999521;0.998824;0.999632;0.996011;0.998884;0.998963;0.998652;0.998959;0.984726;0.996023;0.999611;0.999576;0.994029;0.995969;0.998935;0.580232;0.998940;0.999046;0.998948;0.995990;0.998471;0.998957;0.995458;0.999191;0.999615;0.984547;0.994693;0.998946;0.998775;0.992392;0.985926;0.999217
712938;0.999113;0.999030;0.998953;0.000000;0.997942;0.998016;0.999316;0.999317;0.999027;0.999790;0.999641;0.998686;0.999083;0.999690;0.996463;0.998369;0.999425;0.998075;0.998189;0.998590;0.999645;0.999734;0.999180;0.999878;0.999841;0.995557;0.998793;0.999899;0.999663;0.998961;0.998781;0.999183;0.999217;0.998815;0.998894;0.999014;0.999236;0.999332;0.999794;0.998859;0.999118;0.999298;0.997037;0.997711;0.998981;0.999576;0.999285;0.999045;0.998761;0.401171;0.998788;0.999071;0.999340;0.999758;0.999027;0.999391;0.999276;0.999580;0.999833;0.999012;0.999747;0.999735;0.999671;0.998811;0.999076;0.999684;0.998849;0.998907;0.998592;0.998673;0.999093;0.999675;0.998969;0.998747;0.998351;0.997076;0.999469;0.999763;0.997055;0.998999;0.999891;0.998810;0.998281;0.999111;0.999893;0.999603;0.998381;0.997448;0.999438;0.997399;0.999434;0.999342;0.999671;0.999005;0.999115;0.996102;0.998802;0.998952;0.999727;0.999104;0.999662;0.999738;0.999862;0.998837;0.996698;0.998343;0.999604;0.999686;0.999360;0.999807;0.997556;0.999394;0.999707;0.998790;0.998961;0.998392;0.999622;0.997675;0.998992;0.999679;0.998616;0.999661;0.997128;0.999561;0.999565;0.385761;0.999669;0.998409;0.999053;0.994828;0.999638;0.999756;0.998696;0.999348;0.999466;0.999575;0.999621;0.998871;0.998960;0.999212;0.999116;0.999708;0.998446;0.998816;0.999000;0.996261;0.998636;0.998784;0.998401;0.999014;0.999107;0.999006;0.999379;0.999682;0.999777;0.997503;0.998635;0.995494;0.998746;0.995522;0.998407;0.999632;0.999385;0.999640;0.998017;0.999626;0.998779;0.997036;0.997545;0.999548;0.999096;0.998831;0.999169;0.999482;0.997364;0.997130;0.999633;0.999356;0.997669;0.995178;0.999749;0.998942;0.999185;0.997921;0.998534;0.151350;0.998731;0.998943;0.997971;0.999698;0.998779;0.999687;0.995643;0.998966;0.999051;0.999004;0.999063;0.999597;0.996965;0.997717;0.998919;0.999332;0.997107;0.999005;0.999630;0.379230;0.998671;0.999013;0.998770;0.999357
220668;0.999100;0.999103;0.999053;0.997942;0.000000;0.997698;0.999330;0.999020;0.999002;0.999749;0.999577;0.998808;0.999057;0.999621;0.998569;0.998432;0.999434;0.998629;0.998700;0.998759;0.999581;0.999673;0.999232;0.999831;0.999835;0.997805;0.998857;0.999784;0.999620;0.998978;0.998812;0.999140;0.999068;0.998883;0.998900;0.999154;0.999296;0.999233;0.999660;0.998873;0.999077;0.999188;0.996970;0.997786;0.999040;0.999510;0.999241;0.999050;0.998870;0.999223;0.998858;0.999131;0.999234;0.999709;0.999031;0.999313;0.999162;0.999479;0.999731;0.998991;0.999710;0.999626;0.999590;0.998680;0.999071;0.999628;0.998934;0.998902;0.998767;0.350252;0.999150;0.999625;0.998997;0.998853;0.998590;0.998725;0.999362;0.999704;0.998919;0.999034;0.999836;0.998869;0.998420;0.999103;0.999780;0.999504;0.998454;0.998098;0.999369;0.997722;0.999322;0.999377;0.999623;0.999030;0.999085;0.996823;0.998865;0.999009;0.999632;0.999089;0.999617;0.999706;0.999804;0.998854;0.998662;0.998050;0.999543;0.999641;0.999259;0.999729;0.998945;0.999322;0.999590;0.998845;0.998975;0.998516;0.999588;0.998319;0.998851;0.999644;0.998616;0.999573;0.996749;0.999494;0.999489;0.995981;0.999616;0.998676;0.999086;0.995411;0.999664;0.999730;0.998725;0.999240;0.999356;0.999509;0.999514;0.998909;0.999009;0.999357;0.999093;0.999642;0.998667;0.998860;0.999033;0.392790;0.998698;0.998843;0.998606;0.999054;0.999098;0.999039;0.999373;0.999627;0.999755;0.997825;0.998804;0.997800;0.998827;0.997743;0.998558;0.999659;0.999335;0.999627;0.997782;0.999577;0.998809;0.998189;0.998251;0.999469;0.999062;0.998923;0.975218;0.999391;0.997115;0.998739;0.999661;0.999254;0.998685;0.997700;0.999720;0.999003;0.999170;0.998255;0.998655;0.997937;0.998852;0.998996;0.998593;0.999604;0.998839;0.999645;0.995552;0.999042;0.999115;0.998984;0.999123;0.999539;0.997634;0.998211;0.998913;0.999233;0.330747;0.999048;0.999609;0.997950;0.998804;0.999025;0.998872;0.999255
568704;0.999034;0.998996;0.998954;0.998016;0.997698;0.000000;0.999256;0.999334;0.998950;0.999769;0.999610;0.998967;0.999009;0.999592;0.997916;0.998345;0.999409;0.997717;0.525069;0.998711;0.999617;0.999683;0.999147;0.999832;0.999799;0.998359;0.998807;0.999837;0.999644;0.998923;0.998793;0.999104;0.999096;0.998761;0.998881;0.999250;0.999241;0.999256;0.999734;0.998842;0.999037;0.999232;0.998472;0.998141;0.998987;0.999514;0.999183;0.999018;0.998819;0.998813;0.599864;0.999019;0.999261;0.999688;0.999001;0.999439;0.999219;0.999570;0.999762;0.998935;0.999686;0.999664;0.999627;0.998669;0.999037;0.999630;0.998796;0.998898;0.998867;0.998652;0.999055;0.999675;0.998999;0.998803;0.997826;0.997878;0.999392;0.999698;0.998316;0.998979;0.999830;0.998812;0.998365;0.999265;0.999846;0.999538;0.997857;0.997845;0.999414;0.982226;0.999355;0.999469;0.999645;0.999009;0.999040;0.997764;0.998806;0.998971;0.999671;0.999068;0.999613;0.999683;0.999780;0.998824;0.998492;0.998410;0.999589;0.999663;0.999282;0.999761;0.999331;0.999400;0.999618;0.998830;0.998921;0.998602;0.999603;0.998025;0.998868;0.999675;0.998759;0.999630;0.998884;0.999507;0.999539;0.997667;0.999583;0.998650;0.998995;0.997288;0.999656;0.999697;0.998726;0.999268;0.999386;0.999513;0.999544;0.998859;0.998870;0.999468;0.999069;0.999634;0.999098;0.998852;0.998977;0.997340;0.998800;0.998829;0.997866;0.999151;0.999075;0.998986;0.999390;0.999647;0.999718;0.982453;0.998763;0.998369;0.998834;0.998303;0.998650;0.999652;0.999373;0.999645;0.998158;0.999554;0.998780;0.997407;0.985471;0.999520;0.999016;0.998841;0.999199;0.999484;0.998008;0.998029;0.999650;0.999279;0.985062;0.998263;0.999683;0.998864;0.999182;0.568597;0.998620;0.998014;0.998793;0.998864;0.143804;0.999626;0.998826;0.999660;0.998049;0.998952;0.999016;0.998934;0.999026;0.999607;0.997958;0.983535;0.998891;0.999256;0.998044;0.999008;0.999621;0.998390;0.998753;0.998987;0.998818;0.999278
1225205;0.999382;0.999138;0.996651;0.999316;0.999330;0.999256;0.000000;0.999338;0.999345;0.999757;0.996923;0.999589;0.999325;0.999571;0.999170;0.999073;0.997201;0.999088;0.999646;0.999062;0.996931;0.999504;0.999126;0.999830;0.999819;0.999206;0.996770;0.997408;0.997905;0.996105;0.995896;0.999351;0.998713;0.995943;0.996370;0.998928;0.996725;0.999400;0.999530;0.996200;0.999333;0.999434;0.999292;0.998870;0.996810;0.999635;0.999370;0.991568;0.996032;0.999695;0.999422;0.999144;0.999400;0.999660;0.991754;0.999541;0.999402;0.999551;0.999689;0.999341;0.999681;0.999467;0.999453;0.998682;0.999103;0.997187;0.385195;0.996433;0.998762;0.999639;0.999256;0.997471;0.999044;0.995982;0.995733;0.999108;0.999477;0.999587;0.999246;0.993166;0.999833;0.996706;0.998941;0.996239;0.997463;0.999585;0.995639;0.999081;0.999229;0.999264;0.999483;0.996861;0.997920;0.999129;0.999353;0.999222;0.996782;0.996497;0.997347;0.999131;0.996894;0.999680;0.999844;0.996217;0.999148;0.998896;0.996853;0.998028;0.999417;0.999671;0.999530;0.999424;0.999569;0.995262;0.996091;0.999608;0.994249;0.999092;0.998664;0.997512;0.999097;0.999455;0.999618;0.999631;0.996933;0.999348;0.999624;0.998977;0.996038;0.999250;0.999757;0.999736;0.998662;0.999412;0.999477;0.999634;0.999476;0.995835;0.463518;0.999538;0.999133;0.996839;0.999602;0.995299;0.993245;0.999322;0.998757;0.995202;0.995785;0.998792;0.999149;0.993166;0.991971;0.993929;0.999738;0.999261;0.999098;0.999199;0.999019;0.999167;0.998715;0.999755;0.999419;0.997445;0.998838;0.999428;0.995858;0.999121;0.999619;0.996868;0.999349;0.996156;0.999683;0.999482;0.999211;0.999222;0.999755;0.999416;0.999587;0.999153;0.999700;0.473831;0.999154;0.999260;0.998931;0.999318;0.996039;0.406237;0.999646;0.999609;0.995227;0.997944;0.999217;0.996615;0.999228;0.999327;0.999230;0.996101;0.998829;0.999263;0.996470;0.999400;0.999665;0.996762;0.994288;0.999314;0.999026;0.991187;0.996091;0.999416
1624;0.999615;0.999319;0.999323;0.999317;0.999020;0.999334;0.999338;0.000000;0.999582;0.999613;0.999233;0.998928;0.999593;0.999587;0.999363;0.998843;0.999381;0.998899;0.999343;0.998907;0.998532;0.999313;0.999310;0.999806;0.999763;0.997882;0.999333;0.999468;0.999347;0.999189;0.999246;0.999582;0.998438;0.999290;0.999433;0.997383;0.999356;0.999471;0.999387;0.999303;0.999578;0.999550;0.999106;0.604267;0.997305;0.999780;0.999584;0.999281;0.999290;0.999370;0.999379;0.999320;0.999458;0.999569;0.998572;0.998903;0.999523;0.998841;0.999502;0.999603;0.999618;0.999091;0.999199;0.998949;0.999300;0.999394;0.999253;0.999420;0.996462;0.999063;0.999133;0.999452;0.998757;0.999287;0.999141;0.999330;0.999490;0.998459;0.999347;0.999260;0.999801;0.999330;0.998584;0.999059;0.999448;0.999518;0.999152;0.998881;0.999327;0.999334;0.999507;0.999199;0.999348;0.999311;0.999616;0.999059;0.999333;0.999308;0.999390;0.999016;0.999275;0.999615;0.999811;0.999304;0.999339;0.517212;0.999158;0.999241;0.999482;0.999547;0.998723;0.998716;0.999495;0.998459;0.999186;0.998999;0.998468;0.998903;0.999012;0.999466;0.998920;0.999271;0.999056;0.999789;0.998488;0.999374;0.999581;0.998630;0.998565;0.999056;0.999895;0.999641;0.998125;0.999457;0.999500;0.999780;0.999510;0.998338;0.999334;0.998941;0.998933;0.999326;0.999089;0.999177;0.998490;0.999025;0.998618;0.998765;0.999157;0.998081;0.999180;0.999260;0.999258;0.999327;0.999679;0.999335;0.998943;0.998593;0.998706;0.998563;0.997891;0.999896;0.998629;0.999355;0.598317;0.999433;0.999271;0.998938;0.999364;0.999264;0.999610;0.999322;0.999123;0.998720;0.999060;0.999398;0.999896;0.999479;0.999341;0.998450;0.999620;0.999311;0.999317;0.999336;0.998611;0.999321;0.999276;0.999326;0.999350;0.999523;0.998099;0.998901;0.998990;0.999307;0.998759;0.999597;0.998722;0.998166;0.574404;0.999330;0.999417;0.999471;0.999044;0.998702;0.999283;0.999353;0.998727;0.999268;0.999298;0.999484
1398;0.997167;0.998600;0.999074;0.999027;0.999002;0.998950;0.999345;0.999582;0.000000;0.999506;0.999636;0.999654;0.996363;0.998666;0.998275;0.999210;0.999438;0.999212;0.999626;0.999156;0.999651;0.999527;0.998946;0.999720;0.999108;0.998936;0.998217;0.999853;0.999690;0.998594;0.998648;0.997296;0.999177;0.998851;0.998979;0.999200;0.999281;0.997666;0.999695;0.998847;0.996547;0.998237;0.999150;0.998420;0.999053;0.998709;0.997719;0.999071;0.998713;0.999696;0.999331;0.998834;0.997674;0.998956;0.999061;0.999670;0.997261;0.999761;0.999424;0.421147;0.998821;0.999504;0.999399;0.998702;0.998822;0.999670;0.998916;0.998990;0.998522;0.999651;0.998743;0.999713;0.999338;0.998709;0.998648;0.998220;0.998690;0.999483;0.999257;0.999070;0.999702;0.998195;0.998719;0.999445;0.999847;0.999054;0.998656;0.999038;0.999153;0.998983;0.997990;0.999657;0.999686;0.998718;0.996471;0.998912;0.998620;0.999016;0.999698;0.998677;0.999648;0.998824;0.532417;0.998865;0.998259;0.998875;0.999603;0.999717;0.998278;0.999275;0.999684;0.999645;0.999160;0.998856;0.998765;0.999657;0.999628;0.999207;0.998963;0.999721;0.999178;0.999387;0.999625;0.998738;0.999529;0.999072;0.396212;0.999118;0.999070;0.998956;0.998923;0.998888;0.998829;0.997691;0.998697;0.998708;0.999092;0.998489;0.998994;0.999695;0.998851;0.999668;0.999656;0.998687;0.999069;0.999009;0.998764;0.998465;0.998661;0.999060;0.998367;0.999075;0.999439;0.999680;0.999000;0.999042;0.999187;0.998926;0.999208;0.998887;0.998396;0.998917;0.999652;0.999693;0.998401;0.999413;0.998662;0.998763;0.999621;0.999513;0.996626;0.998592;0.999654;0.999685;0.998932;0.998199;0.998917;0.997733;0.999585;0.998853;0.998811;0.998981;0.998873;0.998949;0.999103;0.999027;0.998691;0.998981;0.999630;0.999077;0.998653;0.999658;0.998915;0.999063;0.998730;0.737817;0.998579;0.999630;0.998421;0.998989;0.998818;0.997666;0.999667;0.999045;0.999656;0.999024;0.999178;0.999056;0.998730;0.997734
1348908;0.999414;0.999433;0.999735;0.999790;0.999749;0.999769;0.999757;0.999613;0.999506;0.000000;0.999761;0.999734;0.999404;0.999357;0.999814;0.999731;0.999757;0.999735;0.999810;0.999755;0.999769;0.999471;0.999430;0.999755;0.999593;0.999720;0.999729;0.999810;0.999795;0.999715;0.999729;0.999327;0.999607;0.999696;0.999776;0.999614;0.999751;0.999186;0.999721;0.999757;0.999313;0.999273;0.999773;0.999569;0.999749;0.999739;0.999335;0.999722;0.999744;0.999815;0.999785;0.999435;0.999174;0.999327;0.999721;0.999789;0.999234;0.999744;0.999241;0.999499;0.999452;0.999434;0.999455;0.999591;0.999393;0.999720;0.999736;0.999778;0.999605;0.999778;0.999497;0.999806;0.999715;0.999743;0.999732;0.999813;0.999235;0.999545;0.999808;0.999726;0.999771;0.999735;0.999675;0.999719;0.999807;0.999248;0.999733;0.999729;0.999426;0.999779;0.999233;0.999775;0.999785;0.999420;0.999379;0.999725;0.999742;0.999734;0.999787;0.999410;0.999741;0.999416;0.999664;0.999743;0.999811;0.999556;0.999764;0.999803;0.999198;0.999297;0.999748;0.999725;0.999253;0.999699;0.999717;0.999737;0.999746;0.999727;0.999480;0.999811;0.999760;0.999451;0.999785;0.999736;0.999761;0.999797;0.999544;0.999677;0.999697;0.999777;0.999880;0.999487;0.999588;0.999196;0.999226;0.999736;0.999220;0.999682;0.999751;0.999793;0.999402;0.999751;0.999789;0.999697;0.999726;0.999752;0.999596;0.999695;0.999730;0.999600;0.999404;0.999726;0.999719;0.999760;0.999553;0.999778;0.999759;0.999718;0.999706;0.999707;0.999599;0.999880;0.999712;0.999785;0.999563;0.999542;0.999742;0.999731;0.999808;0.999759;0.999356;0.999746;0.999804;0.999735;0.999736;0.999816;0.999878;0.999195;0.999806;0.999717;0.999465;0.999748;0.999421;0.999776;0.999687;0.999790;0.999746;0.999752;0.999800;0.999279;0.999692;0.999799;0.999772;0.999744;0.999479;0.999500;0.999486;0.999727;0.999554;0.999781;0.999779;0.999186;0.999764;0.999733;0.999758;0.999793;0.999707;0.999726;0.999740;0.999194
370552;0.999645;0.999477;0.995966;0.999641;0.999577;0.999610;0.996923;0.999233;0.999636;0.999761;0.000000;0.999551;0.999591;0.999616;0.999553;0.999444;0.996260;0.999460;0.999619;0.999475;0.401484;0.999487;0.999468;0.999820;0.999773;0.999524;0.995086;0.982840;0.995010;0.981187;0.398360;0.999609;0.999094;0.995723;0.991891;0.999114;0.996227;0.999627;0.999420;0.882803;0.999597;0.999629;0.999589;0.999239;0.995845;0.999788;0.999606;0.994868;0.995194;0.999666;0.999622;0.999481;0.999634;0.999621;0.995972;0.999482;0.999606;0.999556;0.999680;0.999634;0.999612;0.999439;0.999477;0.999100;0.999398;0.995658;0.996486;0.992210;0.999083;0.999584;0.999512;0.992046;0.999477;0.995407;0.995290;0.999523;0.999679;0.999515;0.999553;0.994966;0.999819;0.995141;0.999379;0.994787;0.979695;0.999681;0.995285;0.999450;0.999455;0.999598;0.999679;0.995632;0.995145;0.999457;0.999602;0.999557;0.995577;0.995343;0.891834;0.999419;0.995117;0.999619;0.999829;0.889340;0.999546;0.999252;0.416527;0.994722;0.999641;0.999641;0.999540;0.999457;0.999660;0.994936;0.980984;0.999575;0.996272;0.999450;0.999068;0.993066;0.999489;0.999468;0.999571;0.999799;0.892568;0.999662;0.999626;0.999402;0.993413;0.999572;0.999878;0.999675;0.999031;0.999631;0.999681;0.999787;0.999678;0.981163;0.996805;0.999498;0.999411;0.995749;0.999569;0.994963;0.995011;0.999571;0.999106;0.994259;0.995351;0.999089;0.999430;0.994963;0.995597;0.994915;0.999709;0.999597;0.999497;0.999521;0.999456;0.999496;0.999066;0.999879;0.999393;0.996217;0.999231;0.999605;0.381004;0.999480;0.999619;0.880771;0.999595;0.995272;0.999602;0.999466;0.999559;0.999578;0.999876;0.999637;0.999600;0.999499;0.999651;0.996758;0.999440;0.999612;0.999407;0.999646;0.995185;0.996743;0.999617;0.999691;0.994828;0.994397;0.999551;0.996099;0.999486;0.999624;0.999476;0.994919;0.999236;0.999597;0.989958;0.999627;0.999599;0.995610;0.994972;0.999647;0.999466;0.996289;0.995219;0.999637
525318;0.999664;0.999563;0.999606;0.998686;0.998808;0.998967;0.999589;0.998928;0.999654;0.999734;0.999551;0.000000;0.999660;0.999654;0.999368;0.998894;0.999627;0.998856;0.998353;0.999311;0.999569;0.999573;0.999557;0.999827;0.999782;0.999015;0.999583;0.999779;0.999619;0.999586;0.999550;0.999649;0.999435;0.999555;0.999614;0.999480;0.999623;0.999657;0.999662;0.999573;0.999645;0.999672;0.998389;0.998856;0.999577;0.999810;0.999651;0.999565;0.999570;0.999122;0.999147;0.999570;0.999662;0.999673;0.999561;0.999261;0.999668;0.999399;0.999689;0.999645;0.999676;0.999595;0.999585;0.999437;0.999568;0.999625;0.999535;0.999618;0.999500;0.998533;0.999652;0.999632;0.999394;0.999569;0.999480;0.999429;0.999682;0.999666;0.999410;0.999534;0.999825;0.999589;0.999247;0.999500;0.999767;0.999696;0.999480;0.998740;0.999582;0.998639;0.999691;0.999553;0.999617;0.999568;0.999673;0.993866;0.999587;0.999568;0.999636;0.999586;0.999560;0.999670;0.999826;0.999576;0.999458;0.998935;0.999585;0.999639;0.999663;0.999687;0.999036;0.999283;0.999685;0.999510;0.999594;0.605047;0.999532;0.998586;0.999407;0.999643;0.999237;0.999577;0.997448;0.999813;0.999573;0.998749;0.999647;0.999261;0.999562;0.996580;0.999897;0.999680;0.999409;0.999662;0.999686;0.999806;0.999688;0.999540;0.999579;0.999322;0.999584;0.999598;0.994466;0.999505;0.999536;0.997529;0.999489;0.999502;0.999483;0.999471;0.999582;0.999534;0.999568;0.999579;0.999721;0.998578;0.999322;0.999020;0.999280;0.998984;0.999457;0.999899;0.999252;0.999632;0.998924;0.999650;0.999559;0.998568;0.997766;0.999577;0.999669;0.999605;0.999025;0.999285;0.993911;0.999466;0.999897;0.999662;0.998820;0.998984;0.999666;0.999575;0.999577;0.998867;0.999280;0.998696;0.999564;0.999579;0.998485;0.999704;0.999500;0.999622;0.998265;0.999610;0.999653;0.999645;0.999641;0.999513;0.998864;0.998790;0.999615;0.999657;0.997872;0.999580;0.999546;0.998984;0.999292;0.999558;0.999559;0.999663
692420;0.992191;0.998430;0.999057;0.999083;0.999057;0.999009;0.999325;0.999593;0.996363;0.999404;0.999591;0.999660;0.000000;0.983178;0.998485;0.999249;0.999470;0.999244;0.999674;0.999208;0.999612;0.999451;0.998814;0.999584;0.995560;0.998908;0.998250;0.999808;0.999640;0.998623;0.998654;0.982513;0.999099;0.998849;0.998974;0.999203;0.999303;0.997066;0.999665;0.998864;0.980793;0.997630;0.999149;0.998360;0.999032;0.998501;0.983409;0.999059;0.998673;0.999746;0.999387;0.998690;0.997095;0.984588;0.999051;0.999701;0.996418;0.999779;0.999212;0.996331;0.804182;0.999275;0.999332;0.998550;0.998626;0.999667;0.998895;0.998978;0.998489;0.999688;0.998573;0.999669;0.999401;0.998657;0.998602;0.998430;0.998375;0.999409;0.999358;0.999047;0.999620;0.998278;0.998802;0.999406;0.999817;0.998526;0.998615;0.999075;0.999049;0.999017;0.997522;0.999615;0.999645;0.998593;0.799545;0.998954;0.998707;0.999041;0.999672;0.998479;0.999638;0.789743;0.999096;0.998852;0.998460;0.998854;0.999580;0.999678;0.997800;0.998908;0.999690;0.999671;0.998944;0.998873;0.998791;0.999674;0.999597;0.999237;0.998863;0.999687;0.999232;0.999317;0.999655;0.998493;0.999486;0.999118;0.998657;0.999182;0.999070;0.998983;0.998829;0.995121;0.998723;0.997117;0.998403;0.998506;0.998831;0.998520;0.998966;0.999706;0.998668;0.999675;0.999678;0.998700;0.999053;0.999063;0.998739;0.998475;0.998614;0.999066;0.998087;0.999052;0.999437;0.999663;0.995283;0.999069;0.999230;0.998906;0.999261;0.998880;0.998386;0.998837;0.999673;0.999671;0.998342;0.999351;0.998657;0.998806;0.999637;0.999480;0.794630;0.998537;0.999694;0.999711;0.998963;0.998407;0.998838;0.997144;0.999602;0.998848;0.995106;0.998971;0.998752;0.999009;0.999169;0.999084;0.998657;0.998973;0.999679;0.998808;0.998665;0.999656;0.998945;0.999042;0.998543;0.996282;0.998358;0.999596;0.998368;0.999014;0.998811;0.997067;0.999712;0.999066;0.999640;0.999078;0.999224;0.999042;0.998680;0.997146
1230477;0.994327;0.999290;0.999487;0.999690;0.999621;0.999592;0.999571;0.999587;0.998666;0.999357;0.999616;0.999654;0.983178;0.000000;0.999588;0.999628;0.999580;0.999630;0.999689;0.999620;0.999625;0.999422;0.999293;0.999622;0.995214;0.999648;0.999457;0.999794;0.999629;0.999505;0.999463;0.459713;0.999374;0.999482;0.999541;0.999436;0.999546;0.998795;0.999625;0.999478;0.461444;0.998491;0.999634;0.999450;0.999470;0.999470;0.476097;0.999495;0.999460;0.999771;0.999631;0.999306;0.998797;0.851749;0.999495;0.999702;0.998397;0.999767;0.999078;0.998720;0.983646;0.999336;0.999329;0.999333;0.999256;0.999680;0.999483;0.999544;0.999353;0.999707;0.999236;0.999675;0.999643;0.999463;0.999440;0.999574;0.998929;0.999394;0.999635;0.999481;0.999623;0.999463;0.999541;0.999544;0.999797;0.998981;0.999438;0.999612;0.999307;0.999588;0.998922;0.999608;0.999628;0.999274;0.983887;0.999563;0.999483;0.999478;0.999671;0.999282;0.999649;0.983030;0.999220;0.999476;0.999579;0.999430;0.999637;0.999660;0.998833;0.998750;0.999715;0.999684;0.998996;0.999466;0.999510;0.999663;0.999608;0.999626;0.999324;0.999693;0.999624;0.999324;0.999683;0.999491;0.999547;0.999698;0.998876;0.999590;0.999503;0.999613;0.999630;0.994782;0.999318;0.998797;0.998903;0.999471;0.998995;0.999453;0.999523;0.999705;0.999274;0.999679;0.999683;0.999453;0.999485;0.999620;0.999335;0.999430;0.999441;0.999357;0.999274;0.999481;0.999611;0.999658;0.994928;0.999591;0.999635;0.999647;0.999624;0.999636;0.999313;0.999631;0.999666;0.999671;0.999418;0.999479;0.999462;0.999614;0.999654;0.999545;0.984389;0.999494;0.999718;0.999702;0.999571;0.999599;0.999627;0.998821;0.999643;0.999633;0.994744;0.999524;0.999270;0.999594;0.999584;0.999691;0.999462;0.999533;0.999694;0.998955;0.999446;0.999639;0.999605;0.999494;0.999237;0.998645;0.999226;0.999600;0.999430;0.999585;0.999521;0.998797;0.999719;0.999483;0.999639;0.999692;0.999642;0.999492;0.999464;0.998821
767455;0.998814;0.998994;0.998868;0.996463;0.998569;0.997916;0.999170;0.999363;0.998275;0.999814;0.999553;0.999368;0.998485;0.999588;0.000000;0.994692;0.999363;0.991839;0.999148;0.995366;0.999576;0.999725;0.999268;0.999868;0.999799;0.997503;0.997786;0.999819;0.999580;0.998285;0.998308;0.998827;0.999262;0.998663;0.998636;0.999318;0.999185;0.998915;0.999792;0.998669;0.998541;0.999279;0.998781;0.997241;0.998831;0.999226;0.999007;0.998899;0.998373;0.998118;0.999060;0.999168;0.998918;0.999695;0.998874;0.996922;0.998873;0.998227;0.999788;0.998277;0.999701;0.999700;0.999668;0.998799;0.999148;0.999637;0.998595;0.998639;0.998720;0.999134;0.999180;0.999603;0.994692;0.998348;0.997291;0.571878;0.999383;0.999755;0.430739;0.998892;0.999864;0.997806;0.996311;0.998963;0.999834;0.999580;0.997299;0.993811;0.999454;0.997691;0.999094;0.999252;0.999581;0.999095;0.998551;0.998308;0.998347;0.998747;0.999667;0.999045;0.999610;0.999704;0.999773;0.998570;0.516558;0.998266;0.999511;0.999607;0.999166;0.999778;0.999332;0.997920;0.999650;0.998630;0.998505;0.999199;0.999576;0.994367;0.999070;0.999618;0.994075;0.999656;0.998930;0.999229;0.999428;0.996450;0.999590;0.993917;0.998940;0.998233;0.999365;0.999700;0.998944;0.998925;0.999367;0.999229;0.999603;0.998063;0.998710;0.997010;0.999183;0.999652;0.999353;0.998425;0.998892;0.997809;0.998900;0.998154;0.997320;0.999225;0.998869;0.998901;0.999283;0.999629;0.999746;0.997788;0.996205;0.998236;0.996690;0.998177;0.998574;0.999363;0.998553;0.999525;0.997686;0.999624;0.998303;0.992165;0.999003;0.999442;0.998501;0.998233;0.999437;0.998054;0.998386;0.483761;0.999359;0.998952;0.998695;0.998120;0.999677;0.998707;0.999232;0.998481;0.997206;0.996404;0.998326;0.998695;0.999297;0.999582;0.998385;0.999602;0.998188;0.998871;0.999155;0.998212;0.999031;0.999541;0.997519;0.998152;0.998419;0.998916;0.998639;0.998796;0.999600;0.996397;0.996644;0.998863;0.998385;0.998954
880633;0.999305;0.999076;0.998809;0.998369;0.998432;0.998345;0.999073;0.998843;0.999210;0.999731;0.999444;0.998894;0.999249;0.999628;0.994692;0.000000;0.999304;0.518934;0.998871;0.962281;0.999458;0.999577;0.999065;0.999848;0.999846;0.998017;0.998786;0.999650;0.999515;0.998845;0.998670;0.999284;0.999110;0.998811;0.998869;0.999166;0.999115;0.999334;0.999728;0.998777;0.999258;0.999380;0.998784;0.997757;0.998764;0.999597;0.999349;0.998803;0.998752;0.999277;0.998807;0.999079;0.999352;0.999693;0.998793;0.968777;0.999357;0.979509;0.999676;0.999204;0.999715;0.999504;0.999503;0.998920;0.999017;0.999560;0.998766;0.998881;0.998952;0.998726;0.999151;0.999557;0.993757;0.998726;0.998608;0.991920;0.999410;0.999633;0.995659;0.998806;0.999842;0.998803;0.992554;0.999176;0.999695;0.999526;0.998618;0.446388;0.999267;0.998430;0.999412;0.999437;0.999515;0.999026;0.999282;0.998140;0.998805;0.998746;0.999547;0.999050;0.999516;0.999720;0.999848;0.998776;0.996368;0.998004;0.999389;0.999535;0.999353;0.999702;0.998863;0.978879;0.999569;0.998695;0.998843;0.998817;0.999474;0.445403;0.998904;0.999574;0.961908;0.999497;0.998193;0.999601;0.999342;0.997160;0.999655;0.991819;0.998840;0.997997;0.999738;0.999744;0.998904;0.999336;0.999427;0.999598;0.999483;0.998753;0.998856;0.964625;0.999057;0.999533;0.998912;0.998731;0.998808;0.997866;0.998883;0.998704;0.998614;0.999093;0.999064;0.998816;0.999202;0.999513;0.999590;0.998367;0.964477;0.998164;0.976525;0.998108;0.998843;0.999735;0.994452;0.999551;0.997985;0.999458;0.998663;0.498634;0.999304;0.999328;0.999265;0.998799;0.999393;0.979073;0.998187;0.995112;0.999713;0.999352;0.999041;0.998071;0.999729;0.998854;0.999049;0.998748;0.992097;0.998359;0.998720;0.998858;0.998091;0.999604;0.998686;0.999530;0.998407;0.998799;0.999121;0.999185;0.999131;0.999355;0.997801;0.998142;0.998884;0.999333;0.998122;0.998800;0.999504;0.998597;0.976817;0.998778;0.998761;0.999353
1318;0.999510;0.999370;0.782524;0.999425;0.999434;0.999409;0.997201;0.999381;0.999438;0.999757;0.996260;0.999627;0.999470;0.999580;0.999363;0.999304;0.000000;0.998824;0.999622;0.999274;0.996086;0.999578;0.999362;0.999832;0.999800;0.999404;0.989926;0.997937;0.995835;0.996275;0.995696;0.999479;0.998979;0.994264;0.996933;0.998993;0.713616;0.999509;0.999428;0.995593;0.999469;0.999529;0.999438;0.999104;0.995170;0.999713;0.999493;0.993155;0.986537;0.999642;0.999438;0.999366;0.999518;0.999657;0.992780;0.999503;0.999505;0.999591;0.999696;0.999486;0.999660;0.999547;0.999541;0.998973;0.999352;0.995272;0.996963;0.996947;0.998900;0.999597;0.999411;0.997562;0.999289;0.988362;0.991950;0.999335;0.999575;0.999596;0.999341;0.994043;0.999825;0.988702;0.999226;0.992254;0.997528;0.999651;0.992228;0.999317;0.999387;0.999405;0.999578;0.992462;0.994879;0.999359;0.999493;0.999113;0.988524;0.989334;0.996495;0.999369;0.994200;0.999662;0.999861;0.995659;0.999353;0.999120;0.996244;0.996106;0.999525;0.999662;0.999566;0.999488;0.999627;0.995575;0.996257;0.999641;0.994177;0.999315;0.998954;0.997640;0.999287;0.999537;0.999608;0.999716;0.996239;0.999453;0.999591;0.999240;0.994440;0.999406;0.999819;0.999706;0.998951;0.999523;0.999577;0.999710;0.999584;0.996372;0.997235;0.999526;0.999379;0.994873;0.999309;0.995622;0.994098;0.999438;0.998906;0.995084;0.991108;0.998936;0.999377;0.994044;0.993454;0.994291;0.999660;0.999404;0.999290;0.999380;0.999280;0.999365;0.998881;0.999816;0.999481;0.713808;0.999093;0.999571;0.995537;0.999350;0.999589;0.996128;0.999482;0.987120;0.999626;0.999522;0.999146;0.999417;0.999816;0.999523;0.999567;0.999357;0.999684;0.996655;0.999380;0.999417;0.999226;0.999431;0.986502;0.997193;0.999627;0.999634;0.995556;0.994961;0.999379;0.785410;0.999384;0.999482;0.999394;0.996147;0.999038;0.999404;0.997028;0.999509;0.999622;0.989087;0.994788;0.999429;0.999289;0.993207;0.988292;0.999522
326425;0.999298;0.999086;0.998280;0.998075;0.998629;0.997717;0.999088;0.998899;0.999212;0.999735;0.999460;0.998856;0.999244;0.999630;0.991839;0.518934;0.998824;0.000000;0.998795;0.967376;0.999476;0.999587;0.999076;0.999860;0.999846;0.997633;0.998796;0.999655;0.999537;0.998834;0.998689;0.999277;0.999134;0.998793;0.998845;0.999191;0.998630;0.999332;0.999745;0.998785;0.999249;0.999387;0.998609;0.997727;0.998788;0.999601;0.999343;0.998778;0.998305;0.998661;0.998835;0.999090;0.999350;0.999699;0.998767;0.973002;0.999360;0.980527;0.999680;0.999212;0.999717;0.999517;0.999521;0.998936;0.999041;0.999576;0.998768;0.998853;0.998986;0.998918;0.999152;0.999560;0.992448;0.998251;0.997854;0.986395;0.999412;0.999632;0.992853;0.998787;0.999845;0.998808;0.992683;0.999074;0.999689;0.999532;0.997866;0.476913;0.999274;0.997567;0.999409;0.999330;0.999544;0.999042;0.999276;0.997778;0.998812;0.998753;0.999556;0.999073;0.999533;0.999719;0.999848;0.998776;0.996325;0.998058;0.999403;0.999556;0.999351;0.999709;0.998743;0.979792;0.999563;0.998711;0.998833;0.998911;0.999488;0.486681;0.998926;0.999567;0.965978;0.999516;0.998341;0.999612;0.999345;0.997529;0.999655;0.991758;0.998827;0.997550;0.999742;0.999747;0.998923;0.999340;0.999427;0.999601;0.999491;0.998747;0.998852;0.967871;0.999082;0.999547;0.998535;0.998748;0.998788;0.997831;0.998900;0.998718;0.997884;0.999122;0.999083;0.998797;0.999200;0.999524;0.999763;0.997510;0.970457;0.998055;0.977464;0.998026;0.998871;0.999738;0.994636;0.999053;0.998024;0.999466;0.998672;0.525302;0.998815;0.999334;0.999254;0.998304;0.999418;0.980135;0.997887;0.992354;0.999717;0.999349;0.998632;0.998040;0.999731;0.998852;0.999047;0.998748;0.992207;0.998097;0.998726;0.998855;0.998647;0.999605;0.998704;0.999556;0.998130;0.998287;0.999121;0.999189;0.999133;0.999382;0.997571;0.997770;0.998854;0.999331;0.998304;0.998807;0.999514;0.998168;0.977653;0.998753;0.998305;0.999350
1457191;0.999679;0.999682;0.999607;0.998189;0.998700;0.525069;0.999646;0.999343;0.999626;0.999810;0.999619;0.998353;0.999674;0.999689;0.999148;0.998871;0.999622;0.998795;0.000000;0.999463;0.999626;0.999689;0.999679;0.999833;0.999801;0.999367;0.999625;0.999865;0.999655;0.999679;0.999616;0.999686;0.999545;0.999609;0.999653;0.999571;0.999619;0.999741;0.999735;0.999623;0.999682;0.999753;0.998863;0.999047;0.999630;0.999821;0.999688;0.999626;0.999617;0.998616;0.595835;0.999680;0.999739;0.999690;0.999622;0.999336;0.999748;0.999586;0.999775;0.999618;0.999689;0.999706;0.999690;0.999550;0.999690;0.999668;0.999602;0.999659;0.999581;0.998408;0.999689;0.999670;0.999519;0.999615;0.999576;0.999407;0.999765;0.999698;0.999124;0.999608;0.999833;0.999626;0.999420;0.999591;0.999861;0.999781;0.999578;0.997037;0.999697;0.983087;0.999775;0.999619;0.999656;0.999683;0.999682;0.997304;0.999624;0.999610;0.999668;0.999705;0.999611;0.999685;0.999793;0.999623;0.999288;0.999328;0.999647;0.999677;0.999749;0.999762;0.999408;0.999489;0.999768;0.999616;0.999684;0.998339;0.999608;0.996852;0.999534;0.999672;0.999389;0.999688;0.997510;0.999821;0.999623;0.997855;0.999617;0.999392;0.999618;0.997666;0.999885;0.999697;0.999529;0.999745;0.999769;0.999821;0.999770;0.999644;0.999639;0.999450;0.999699;0.999634;0.998055;0.999621;0.999611;0.997303;0.999578;0.999612;0.999585;0.999572;0.999700;0.999608;0.999619;0.999649;0.999716;0.983260;0.999487;0.999410;0.999482;0.999385;0.999559;0.999883;0.999435;0.999649;0.999323;0.999753;0.999618;0.997059;0.979582;0.999626;0.999674;0.999636;0.999169;0.999492;0.998148;0.999330;0.999880;0.999748;0.983043;0.999378;0.999686;0.999631;0.999696;0.412826;0.999435;0.998160;0.999611;0.999635;0.528739;0.999785;0.999614;0.999663;0.998789;0.999604;0.999681;0.999622;0.999682;0.999621;0.998831;0.982034;0.999654;0.999741;0.997434;0.999622;0.999620;0.998777;0.999491;0.999614;0.999616;0.999748
695562;0.999258;0.999090;0.998714;0.998590;0.998759;0.998711;0.999062;0.998907;0.999156;0.999755;0.999475;0.999311;0.999208;0.999620;0.995366;0.962281;0.999274;0.967376;0.999463;0.000000;0.999496;0.999603;0.999076;0.999848;0.999833;0.997094;0.998638;0.999686;0.999468;0.998814;0.998655;0.999244;0.999095;0.998720;0.998789;0.999157;0.999060;0.999326;0.999719;0.998728;0.999216;0.999369;0.998842;0.997971;0.998655;0.999598;0.999308;0.998714;0.998638;0.999413;0.999134;0.999091;0.999334;0.999697;0.998685;0.412065;0.999345;0.973147;0.999705;0.999151;0.999709;0.999551;0.999512;0.998886;0.999073;0.999539;0.998701;0.998791;0.998948;0.999369;0.999165;0.999553;0.993143;0.998626;0.998543;0.995274;0.999404;0.999647;0.995983;0.998637;0.999855;0.998650;0.993266;0.999120;0.999722;0.999532;0.998549;0.965948;0.999276;0.998691;0.999417;0.999410;0.999483;0.999019;0.999243;0.998525;0.998641;0.998577;0.999554;0.999106;0.999507;0.999709;0.999837;0.998652;0.995864;0.998020;0.999421;0.999491;0.999348;0.999716;0.998799;0.972463;0.999581;0.998628;0.998813;0.999345;0.999457;0.964275;0.998868;0.999561;0.381273;0.999506;0.999321;0.999590;0.999343;0.998641;0.999631;0.989555;0.998748;0.998627;0.999723;0.999727;0.998863;0.999331;0.999417;0.999595;0.999495;0.998653;0.998803;0.569810;0.999107;0.999532;0.999288;0.998660;0.998722;0.998768;0.998860;0.998473;0.998562;0.999092;0.999108;0.998647;0.999169;0.999512;0.999751;0.998690;0.393317;0.998036;0.969808;0.998038;0.998804;0.999717;0.994850;0.999452;0.997972;0.999472;0.998642;0.967892;0.999220;0.999318;0.999221;0.998705;0.999357;0.972675;0.998530;0.995965;0.999705;0.999346;0.998964;0.997914;0.999714;0.998818;0.999045;0.998717;0.992661;0.998599;0.998603;0.998813;0.999460;0.999613;0.998618;0.999499;0.998550;0.998708;0.999132;0.999136;0.999140;0.999343;0.997989;0.998694;0.998803;0.999326;0.999370;0.998643;0.999501;0.998594;0.970207;0.998685;0.998661;0.999346
