;279010;698737;1114965;712938;220668;568704;1225205;1624;1398;1348908;370552;525318;692420;1230477;767455;880633;1318;326425;1457191;695562;1390082;904354;883164;1333862;1402;491077;453366;1154861;1214192;1154879;370554;565143;1391469;1353243;40041;1138890;1073372;260799;1260356;759913;224308;1348623;1350467;1041521;568814;1052684;1315975;862967;347253;575599;1300223;1034809;281309;1236548;862966;695563;545693;1226678;1324966;345219;1390372;1116220;979222;1157358;93061;1095729;210007;1051072;1157475;1350466;1266717;1381085;1037411;1048332;322159;390333;1053233;283734;1269760;862968;1333863;453365;257314;1433289;1154776;180862;1308;1587;1344987;1215914;529122;1436725;1214218;176280;1126211;511437;453362;171101;1000589;1422305;1163301;1198291;1298921;663954;1050107;1273133;1314;1214210;212045;1404;1598;1579;1053174;981539;1154876;525310;857292;767462;226185;681573;1604;1155131;1580;1429244;119602;1381124;1245026;909954;862971;1384064;997761;1232672;1151189;226900;1053215;886882;718222;208435;1225186;1423723;663951;706437;1423728;1258574;862969;1327988;1138915;990317;1051074;1391465;931437;696216;1248420;76860;1131732;1312920;695560;349123;272621;1358027;333849;1036673;33959;888048;1029822;1409679;160490;1226335;1051653;452436;1333538;1200793;1382301;525306;1071400;29397;1116391;568206;1051657;557436;1368424;1225194;1344989;568703;1408186;334390;1304;1225196;525361;79672;637909;1323698;387344;760570;984892;1121088;937773;53354;362948;1318635;553482;198094;1304889;487214;1035184;767453;1226679;1316583;1074494;1412842
279010;0.000000;0.931744;0.936764;0.952957;0.931824;0.924116;0.936914;0.942434;0.888350;0.913318;0.941807;0.923652;0.867839;0.873131;0.940511;0.941668;0.934246;0.942952;0.924851;0.941844;0.942036;0.933636;0.932308;0.899500;0.124624;0.942909;0.941036;0.937207;0.935853;0.935798;0.941377;0.872116;0.914810;0.932116;0.941509;0.915761;0.935746;0.904372;0.909154;0.939656;0.871254;0.892644;0.937724;0.943031;0.940035;0.898821;0.875565;0.935167;0.941283;0.953761;0.926738;0.931995;0.905001;0.871136;0.936130;0.941571;0.891908;0.941800;0.905041;0.888086;0.867872;0.927254;0.931973;0.914652;0.929128;0.929953;0.934530;0.941678;0.913270;0.930766;0.926370;0.941105;0.944181;0.941740;0.946807;0.944078;0.907132;0.926688;0.944581;0.935840;0.899769;0.940592;0.941475;0.943694;0.936307;0.906769;0.946913;0.941202;0.934312;0.924420;0.907259;0.946689;0.935859;0.933163;0.864917;0.931200;0.940670;0.941743;0.939162;0.929622;0.933179;0.869042;0.889174;0.939201;0.940642;0.943005;0.942361;0.935054;0.904064;0.893266;0.940824;0.940855;0.905498;0.930457;0.936001;0.920904;0.936926;0.941121;0.914754;0.942627;0.940859;0.932581;0.941542;0.898823;0.938303;0.950664;0.889130;0.942645;0.930135;0.943528;0.910129;0.173215;0.916725;0.904603;0.907158;0.897809;0.906448;0.938239;0.935502;0.941208;0.926961;0.934448;0.932596;0.928372;0.934986;0.932242;0.918439;0.930288;0.945255;0.914573;0.927881;0.935844;0.937860;0.933741;0.616102;0.924426;0.940600;0.940527;0.941586;0.941978;0.915000;0.910095;0.943640;0.937358;0.942215;0.933123;0.943036;0.939117;0.924592;0.939057;0.866077;0.938508;0.931476;0.941717;0.930486;0.945910;0.910197;0.903730;0.924590;0.943575;0.138770;0.933675;0.933457;0.925312;0.944648;0.952999;0.941288;0.936232;0.923858;0.908568;0.930496;0.936281;0.944799;0.936603;0.927391;0.897039;0.925841;0.930965;0.940999;0.923524;0.940640;0.904377;0.930636;0.938621;0.935757;0.954264;0.941063;0.936536;0.939138;0.903806
698737;0.931744;0.000000;0.934380;0.966836;0.928695;0.940354;0.914722;0.891139;0.934530;0.887729;0.921390;0.911563;0.931830;0.917770;0.960281;0.912170;0.932104;0.914598;0.941082;0.918197;0.922018;0.171501;0.069530;0.926456;0.930677;0.921851;0.929891;0.900771;0.929711;0.900715;0.919711;0.919225;0.895793;0.916762;0.933729;0.910003;0.933663;0.878364;0.909381;0.924194;0.918807;0.889798;0.937678;0.892727;0.931748;0.921957;0.922957;0.915062;0.926424;0.968205;0.942463;0.064817;0.879135;0.920570;0.916389;0.917629;0.889892;0.899385;0.880515;0.935440;0.929611;0.856657;0.859368;0.890909;0.855167;0.914871;0.910086;0.934062;0.904976;0.927408;0.889190;0.932441;0.904905;0.926471;0.928827;0.962232;0.884620;0.890875;0.963357;0.918886;0.922341;0.929262;0.900616;0.925302;0.900987;0.882531;0.928808;0.911741;0.862321;0.939175;0.884982;0.929063;0.929338;0.857890;0.929064;0.936452;0.928807;0.929426;0.923402;0.857995;0.919224;0.932344;0.935227;0.923617;0.961138;0.892627;0.922442;0.928567;0.878196;0.889601;0.916699;0.901718;0.880709;0.905983;0.900383;0.912160;0.919067;0.911819;0.892705;0.935188;0.917832;0.859591;0.942360;0.925990;0.922048;0.964087;0.935834;0.903320;0.915139;0.944868;0.968507;0.928977;0.894909;0.878125;0.883155;0.921188;0.881811;0.902272;0.912859;0.916788;0.852521;0.920016;0.938454;0.904411;0.917773;0.929275;0.911692;0.906358;0.926628;0.909010;0.854382;0.918897;0.918669;0.916441;0.930903;0.939192;0.917464;0.916750;0.899650;0.917888;0.907667;0.969062;0.903400;0.935787;0.891362;0.183486;0.922410;0.910428;0.939544;0.923366;0.932619;0.922155;0.938083;0.899523;0.935594;0.964988;0.968916;0.878069;0.939482;0.920889;0.930102;0.909629;0.859589;0.941167;0.904924;0.966856;0.927078;0.913834;0.940310;0.886134;0.906127;0.930161;0.946021;0.934062;0.890025;0.942527;0.887210;0.907058;0.890780;0.938263;0.932346;0.878363;0.927382;0.926190;0.918601;0.968666;0.898816;0.916917;0.922382;0.878141
1114965;0.936764;0.934380;0.000000;0.961859;0.943541;0.945116;0.928513;0.932487;0.941454;0.926960;0.928064;0.934703;0.939706;0.931228;0.951981;0.937113;0.677874;0.938558;0.945745;0.937079;0.927774;0.935154;0.934073;0.936471;0.936297;0.943003;0.914288;0.925385;0.922435;0.922916;0.925912;0.932148;0.925243;0.916880;0.932189;0.926512;0.678023;0.927189;0.923981;0.925310;0.931573;0.926323;0.945883;0.933511;0.922504;0.934911;0.934404;0.917799;0.911826;0.962681;0.947120;0.933916;0.927695;0.932404;0.913892;0.937316;0.926183;0.935073;0.929279;0.941740;0.938629;0.931600;0.932419;0.923369;0.932164;0.918462;0.922842;0.932607;0.923726;0.942948;0.936576;0.933333;0.935712;0.912181;0.922560;0.953903;0.931266;0.936140;0.954845;0.918843;0.934768;0.913747;0.933477;0.921616;0.924935;0.930769;0.923014;0.937146;0.934995;0.942913;0.931572;0.923927;0.922578;0.933149;0.938436;0.941204;0.912704;0.910642;0.926185;0.934203;0.915981;0.939928;0.941356;0.924252;0.951706;0.933398;0.928894;0.921720;0.927294;0.926223;0.939561;0.935776;0.929422;0.918666;0.922521;0.934522;0.920954;0.936959;0.923544;0.935295;0.936842;0.932837;0.948711;0.936349;0.925223;0.960170;0.941503;0.934372;0.915772;0.950745;0.962468;0.935568;0.925138;0.927331;0.930857;0.934248;0.930176;0.923663;0.926961;0.936859;0.931170;0.920198;0.942077;0.917688;0.918347;0.943899;0.928175;0.919244;0.920499;0.926270;0.932409;0.918867;0.921151;0.919698;0.936241;0.942841;0.936724;0.939761;0.934495;0.940416;0.924596;0.962738;0.934933;0.687524;0.932611;0.934473;0.927109;0.937031;0.943672;0.926198;0.940210;0.911134;0.946309;0.935148;0.940509;0.957707;0.962684;0.927256;0.943480;0.941806;0.936007;0.924517;0.933688;0.945949;0.935766;0.961833;0.911547;0.927024;0.945338;0.932725;0.919028;0.923106;0.950677;0.496088;0.936548;0.947308;0.935594;0.920694;0.932030;0.942327;0.932860;0.927181;0.942988;0.907178;0.920959;0.963071;0.934296;0.918930;0.911536;0.927299
712938;0.952957;0.966836;0.961859;0.000000;0.949213;0.950138;0.968122;0.968027;0.954293;0.963228;0.966433;0.955506;0.955870;0.957484;0.944635;0.962978;0.961413;0.963703;0.950398;0.960566;0.966395;0.967734;0.966895;0.956578;0.953545;0.957568;0.965978;0.967480;0.963298;0.966280;0.965313;0.957553;0.959347;0.965418;0.966020;0.963646;0.961568;0.963194;0.962245;0.963861;0.957220;0.960523;0.949162;0.966742;0.964484;0.956652;0.958823;0.966468;0.963242;0.378774;0.952604;0.966642;0.963590;0.957527;0.966611;0.961293;0.960405;0.965223;0.964595;0.954173;0.955779;0.966550;0.968075;0.958695;0.966202;0.965237;0.965311;0.965946;0.962444;0.949662;0.965322;0.966541;0.966605;0.963894;0.966215;0.946648;0.965295;0.965707;0.948046;0.966599;0.956870;0.965989;0.964810;0.965786;0.967102;0.965001;0.966267;0.961878;0.969247;0.950925;0.965325;0.966898;0.963456;0.967705;0.955166;0.947522;0.965730;0.965440;0.964018;0.967284;0.966222;0.956117;0.954554;0.963573;0.943701;0.967733;0.966502;0.963264;0.963270;0.960956;0.957665;0.964115;0.964470;0.962062;0.966140;0.954115;0.967428;0.962064;0.958528;0.967237;0.960311;0.968330;0.950168;0.956282;0.964214;0.355404;0.954270;0.965083;0.965150;0.949408;0.954102;0.953395;0.959422;0.963219;0.965127;0.956531;0.964751;0.966585;0.967183;0.960890;0.965879;0.966699;0.949934;0.961537;0.966261;0.947568;0.964517;0.962249;0.965652;0.963606;0.966398;0.966603;0.967786;0.966593;0.953727;0.951030;0.960462;0.956037;0.964255;0.956329;0.962548;0.953938;0.966496;0.962447;0.966760;0.967518;0.965797;0.961182;0.951458;0.964529;0.955673;0.963178;0.948592;0.965160;0.948523;0.950906;0.954042;0.963250;0.951137;0.956593;0.953429;0.966145;0.968401;0.950852;0.966357;0.116641;0.963198;0.967085;0.950153;0.966206;0.962159;0.963519;0.949808;0.961666;0.965219;0.956983;0.964730;0.963026;0.965350;0.950920;0.966306;0.963191;0.948172;0.964760;0.967332;0.341172;0.964084;0.966799;0.962981;0.963271
220668;0.931824;0.928695;0.943541;0.949213;0.000000;0.923853;0.939878;0.935104;0.935860;0.925245;0.941378;0.919683;0.933741;0.927769;0.950440;0.933874;0.941724;0.935676;0.924960;0.934086;0.941450;0.929592;0.928685;0.926576;0.931279;0.933491;0.945144;0.935948;0.939800;0.935330;0.940439;0.928891;0.922060;0.939110;0.944619;0.932380;0.942968;0.923156;0.930219;0.939536;0.928579;0.922089;0.922614;0.935540;0.943011;0.925166;0.931369;0.940188;0.939535;0.950584;0.927472;0.928364;0.923680;0.928874;0.940789;0.933824;0.922325;0.932770;0.923102;0.936235;0.932301;0.924793;0.930471;0.920403;0.925648;0.938049;0.936556;0.944540;0.929833;0.308883;0.930294;0.944341;0.937576;0.940242;0.944972;0.953623;0.925688;0.929983;0.953697;0.941558;0.925330;0.944655;0.934622;0.941987;0.935380;0.924369;0.944818;0.933318;0.933030;0.923226;0.925945;0.944943;0.939912;0.931462;0.931990;0.924875;0.944473;0.944578;0.938711;0.927240;0.939890;0.933837;0.935882;0.939163;0.950860;0.935587;0.941852;0.939366;0.922822;0.922164;0.930598;0.932856;0.923281;0.928634;0.935181;0.917933;0.941831;0.933290;0.920677;0.945646;0.933199;0.930966;0.925404;0.926388;0.938583;0.944852;0.936235;0.935663;0.938178;0.927921;0.950401;0.930432;0.922228;0.922905;0.925081;0.924637;0.924195;0.936711;0.938723;0.933284;0.924341;0.940799;0.927352;0.927124;0.940711;0.344695;0.933966;0.929172;0.943507;0.931629;0.925568;0.941558;0.942329;0.939839;0.931262;0.923291;0.933060;0.929758;0.932548;0.930820;0.931085;0.950691;0.936761;0.944357;0.934627;0.929203;0.941808;0.932336;0.923744;0.939660;0.934000;0.937779;0.882719;0.932786;0.924357;0.955839;0.950696;0.922781;0.923993;0.933419;0.931056;0.936564;0.932036;0.925675;0.937760;0.949220;0.939696;0.938910;0.924086;0.926558;0.928767;0.940102;0.928495;0.943228;0.930826;0.942189;0.929658;0.929340;0.933572;0.922847;0.944672;0.923146;0.291236;0.942172;0.941812;0.950593;0.931960;0.941013;0.937930;0.922822
568704;0.924116;0.940354;0.945116;0.950138;0.923853;0.000000;0.944533;0.947488;0.926553;0.934994;0.946039;0.925244;0.927337;0.924061;0.945795;0.941376;0.943593;0.942340;0.442475;0.940340;0.946187;0.941337;0.940418;0.926217;0.924056;0.942300;0.948690;0.945121;0.943185;0.944193;0.945271;0.924714;0.929310;0.942295;0.946051;0.936171;0.944375;0.934043;0.931461;0.943435;0.924251;0.928515;0.930664;0.947636;0.946093;0.926133;0.926764;0.944490;0.944576;0.951011;0.509158;0.940102;0.934547;0.923789;0.945031;0.940492;0.928459;0.943072;0.934990;0.926357;0.926323;0.938459;0.943856;0.928550;0.939037;0.941625;0.941200;0.945971;0.934083;0.923550;0.937480;0.945924;0.947254;0.945465;0.949094;0.948650;0.936696;0.937297;0.949186;0.944734;0.926268;0.948434;0.944705;0.947558;0.944384;0.936201;0.949179;0.940539;0.946022;0.894171;0.936886;0.949918;0.943246;0.944293;0.925775;0.926701;0.948264;0.948092;0.942784;0.940500;0.943084;0.927299;0.926214;0.942970;0.946171;0.947847;0.946382;0.942774;0.933867;0.928715;0.939772;0.942663;0.935108;0.935568;0.944088;0.922716;0.945474;0.940617;0.928441;0.947114;0.939696;0.944414;0.933704;0.926144;0.942803;0.947958;0.926392;0.945489;0.941524;0.935178;0.945614;0.923592;0.930037;0.934276;0.936507;0.925682;0.935902;0.945234;0.943527;0.940243;0.938170;0.943974;0.928316;0.934261;0.944083;0.924098;0.937863;0.936027;0.947974;0.935541;0.938954;0.944737;0.946489;0.943549;0.923859;0.894364;0.939564;0.939375;0.942526;0.940296;0.934902;0.945756;0.946704;0.945650;0.946849;0.940949;0.946298;0.939332;0.898239;0.943662;0.927186;0.943715;0.925176;0.943031;0.926328;0.951476;0.945748;0.933829;0.896498;0.942023;0.923904;0.941799;0.945056;0.482389;0.947440;0.950163;0.944711;0.943583;0.148256;0.937742;0.935656;0.943292;0.936265;0.944872;0.937551;0.932672;0.936574;0.936309;0.945983;0.894694;0.946104;0.934042;0.923052;0.946265;0.945142;0.951880;0.942105;0.945190;0.943698;0.933864
1225205;0.936914;0.914722;0.928513;0.968122;0.939878;0.944533;0.000000;0.913540;0.939661;0.913355;0.918393;0.924274;0.937836;0.925852;0.957283;0.924842;0.926914;0.927221;0.944732;0.928530;0.918762;0.915170;0.914516;0.935763;0.935488;0.933836;0.925463;0.907408;0.925414;0.907229;0.917294;0.927429;0.912118;0.913919;0.925723;0.919902;0.927692;0.912543;0.917569;0.919130;0.927182;0.912756;0.944358;0.915292;0.927050;0.933054;0.930048;0.908826;0.921388;0.969002;0.946136;0.914289;0.913153;0.927691;0.909731;0.928114;0.912687;0.918185;0.913267;0.940331;0.935859;0.910103;0.910882;0.909674;0.911434;0.913384;0.336836;0.926295;0.916590;0.938355;0.925479;0.925123;0.920057;0.921355;0.924360;0.959103;0.916531;0.925023;0.959722;0.912897;0.933078;0.924782;0.917490;0.920793;0.907351;0.915106;0.924219;0.924723;0.913719;0.942415;0.916885;0.924034;0.925027;0.912377;0.936028;0.941471;0.924455;0.923548;0.918543;0.913893;0.915358;0.937786;0.939244;0.918260;0.957585;0.915106;0.919329;0.924577;0.912347;0.912038;0.929378;0.919788;0.913650;0.904410;0.906775;0.924487;0.913547;0.924435;0.910237;0.927570;0.928414;0.911202;0.947945;0.935651;0.917472;0.965782;0.939677;0.919083;0.912218;0.950327;0.969820;0.934316;0.912141;0.912339;0.915680;0.932457;0.914474;0.907938;0.412978;0.927552;0.909991;0.915775;0.942410;0.903536;0.912145;0.940030;0.922091;0.905112;0.922599;0.919455;0.911590;0.912892;0.911715;0.911082;0.935451;0.942336;0.928136;0.929917;0.918240;0.930662;0.918755;0.970187;0.918956;0.929969;0.914342;0.914509;0.919158;0.924173;0.942644;0.918304;0.938530;0.918489;0.946077;0.918366;0.940726;0.962113;0.970123;0.912349;0.942458;0.932867;0.935109;0.418043;0.912784;0.945268;0.920313;0.968065;0.921541;0.354607;0.944139;0.917439;0.905034;0.925499;0.950938;0.928378;0.926608;0.946506;0.925064;0.905377;0.914033;0.941671;0.925698;0.912530;0.938446;0.921442;0.913216;0.969637;0.917819;0.909850;0.918370;0.912395
1624;0.942434;0.891139;0.932487;0.968027;0.935104;0.947488;0.913540;0.000000;0.943615;0.895572;0.920062;0.916522;0.942084;0.927773;0.960322;0.908223;0.930048;0.910971;0.947129;0.914006;0.919925;0.890554;0.890724;0.935496;0.940091;0.918895;0.928257;0.898519;0.927574;0.900422;0.920424;0.930412;0.901805;0.915903;0.935535;0.910825;0.931615;0.891958;0.911762;0.924754;0.930026;0.902999;0.941674;0.517310;0.928592;0.932016;0.933651;0.913042;0.925457;0.968370;0.948890;0.890370;0.892603;0.930612;0.913257;0.912649;0.902958;0.892358;0.894092;0.944591;0.938967;0.882215;0.881455;0.898227;0.883685;0.913178;0.908405;0.935941;0.905985;0.933075;0.911929;0.932966;0.895737;0.925532;0.927126;0.961864;0.898382;0.909956;0.962628;0.916824;0.931587;0.927291;0.892365;0.922504;0.898970;0.896402;0.927072;0.908105;0.886802;0.946214;0.898910;0.925447;0.927280;0.884322;0.939845;0.940148;0.926951;0.926257;0.922672;0.887342;0.916840;0.941374;0.943042;0.924036;0.960702;0.450804;0.921174;0.926330;0.892079;0.901500;0.912785;0.895114;0.894345;0.907014;0.899915;0.917879;0.915260;0.908019;0.899337;0.935579;0.914050;0.881827;0.945140;0.935767;0.920903;0.965436;0.943464;0.894592;0.913414;0.948556;0.973895;0.938464;0.900823;0.891430;0.896877;0.931558;0.895507;0.900495;0.912379;0.912025;0.881956;0.917343;0.940825;0.906853;0.915096;0.935413;0.914105;0.908258;0.924860;0.911083;0.884543;0.916816;0.915672;0.913574;0.940395;0.946127;0.914019;0.913939;0.893394;0.914940;0.909954;0.974295;0.893102;0.932899;0.509794;0.889825;0.922870;0.908173;0.945682;0.922668;0.943017;0.921404;0.943706;0.892638;0.939072;0.965281;0.974220;0.892036;0.945733;0.917670;0.939498;0.908688;0.885470;0.948183;0.895827;0.968004;0.925726;0.913246;0.946492;0.899680;0.907333;0.927651;0.948987;0.932557;0.913036;0.950661;0.910998;0.906568;0.492502;0.945415;0.934600;0.891946;0.932954;0.922912;0.915476;0.969718;0.892924;0.914787;0.921548;0.892102
1398;0.888350;0.934530;0.941454;0.954293;0.935860;0.926553;0.939661;0.943615;0.000000;0.919960;0.944931;0.926080;0.891213;0.896291;0.942479;0.943659;0.939210;0.945153;0.927396;0.944486;0.945207;0.936191;0.935067;0.910304;0.889625;0.944751;0.944070;0.940611;0.939943;0.939115;0.944171;0.895390;0.918547;0.934911;0.947153;0.922187;0.940419;0.911521;0.915808;0.943140;0.894092;0.905678;0.940215;0.944101;0.942959;0.909273;0.898209;0.937290;0.945988;0.955301;0.929116;0.934710;0.912083;0.895016;0.938433;0.944246;0.904103;0.943076;0.914338;0.354008;0.891731;0.931090;0.936107;0.918159;0.932371;0.933176;0.936969;0.947282;0.919588;0.935171;0.930726;0.946880;0.945472;0.946349;0.950330;0.945313;0.916077;0.931023;0.946757;0.938040;0.910435;0.944033;0.942870;0.947758;0.939981;0.915863;0.950481;0.943181;0.938123;0.928946;0.915248;0.950486;0.939753;0.936799;0.888991;0.934571;0.944367;0.945250;0.942967;0.933103;0.936437;0.892734;0.447172;0.942832;0.942351;0.944230;0.945511;0.939154;0.912036;0.906401;0.942451;0.942533;0.914701;0.933707;0.939325;0.923937;0.939102;0.943253;0.918102;0.948478;0.943608;0.936587;0.943563;0.909217;0.941990;0.952402;0.333814;0.944185;0.933152;0.945559;0.924311;0.888987;0.920163;0.912180;0.915991;0.908489;0.915442;0.941118;0.938311;0.943969;0.930757;0.937466;0.935911;0.931881;0.937383;0.936236;0.924544;0.933400;0.948831;0.921047;0.931073;0.938045;0.939974;0.936449;0.889501;0.928951;0.943493;0.942456;0.942800;0.943579;0.921066;0.924299;0.945026;0.942188;0.943390;0.935629;0.945840;0.941384;0.929407;0.942792;0.890413;0.943429;0.936207;0.943032;0.933903;0.947520;0.924383;0.911214;0.929141;0.944884;0.889329;0.936622;0.937223;0.927693;0.945828;0.954366;0.945957;0.938979;0.926573;0.917323;0.933706;0.940140;0.946453;0.941387;0.931432;0.622656;0.930117;0.934355;0.942042;0.928008;0.946242;0.911521;0.934912;0.942707;0.938114;0.955512;0.942351;0.938726;0.943875;0.911259
1348908;0.913318;0.887729;0.926960;0.963228;0.925245;0.934994;0.913355;0.895572;0.919960;0.000000;0.920335;0.906898;0.915470;0.895416;0.955437;0.915031;0.923346;0.916720;0.934642;0.920911;0.921433;0.888551;0.887296;0.899547;0.910124;0.921134;0.925629;0.900601;0.920721;0.901807;0.921457;0.898905;0.885844;0.914225;0.928608;0.894828;0.925138;0.853017;0.896114;0.921869;0.899015;0.861828;0.932823;0.899742;0.926304;0.895142;0.902958;0.913559;0.924531;0.962965;0.936917;0.887606;0.853423;0.898512;0.914754;0.918726;0.863073;0.903574;0.846386;0.920823;0.910691;0.875185;0.879734;0.882665;0.879800;0.909516;0.911075;0.929179;0.890779;0.922500;0.903119;0.926561;0.908884;0.924681;0.929585;0.958482;0.854044;0.902480;0.957269;0.917298;0.895282;0.924545;0.905146;0.922926;0.900210;0.850402;0.929681;0.914501;0.884349;0.933628;0.855567;0.926929;0.920405;0.884162;0.911663;0.932942;0.924232;0.925266;0.919814;0.880138;0.915159;0.913676;0.918596;0.921277;0.956339;0.897317;0.922117;0.919202;0.851402;0.859926;0.915510;0.906053;0.848315;0.907552;0.901698;0.906056;0.916403;0.914185;0.884566;0.928393;0.919685;0.880663;0.937529;0.900004;0.918444;0.959938;0.920142;0.907202;0.910955;0.941813;0.950006;0.907823;0.886498;0.852095;0.852505;0.894056;0.850144;0.905399;0.911905;0.918297;0.875593;0.916610;0.934353;0.905261;0.915834;0.925705;0.898070;0.908213;0.927059;0.893255;0.878159;0.917296;0.916483;0.913299;0.910572;0.933289;0.919176;0.916098;0.905322;0.918243;0.895664;0.950772;0.907081;0.926964;0.898380;0.887594;0.924545;0.912108;0.932162;0.919630;0.915960;0.918982;0.933326;0.903745;0.932242;0.959984;0.950592;0.851414;0.933024;0.921877;0.909449;0.908591;0.883806;0.936087;0.909669;0.963269;0.924980;0.913198;0.932826;0.853863;0.908295;0.921186;0.943592;0.927113;0.905829;0.929984;0.903655;0.907371;0.896722;0.932573;0.927775;0.853014;0.921587;0.920743;0.915903;0.965082;0.904301;0.915563;0.919926;0.851031
370552;0.941807;0.921390;0.928064;0.966433;0.941378;0.946039;0.918393;0.920062;0.944931;0.920335;0.000000;0.927537;0.942675;0.931877;0.957734;0.929916;0.925964;0.932086;0.945574;0.931745;0.346316;0.920950;0.919582;0.939770;0.940297;0.937139;0.925636;0.897492;0.923358;0.896564;0.346035;0.933814;0.918077;0.917986;0.917497;0.924140;0.926467;0.922547;0.922200;0.800297;0.933397;0.921824;0.944836;0.922291;0.926827;0.937949;0.936279;0.916237;0.921427;0.965015;0.947431;0.920739;0.922974;0.933474;0.918087;0.929030;0.921701;0.922931;0.923501;0.945433;0.940834;0.918168;0.918787;0.915843;0.919323;0.916205;0.912669;0.918708;0.921483;0.939737;0.930200;0.915934;0.925712;0.922285;0.924771;0.959430;0.926244;0.928538;0.958644;0.918023;0.937435;0.924927;0.923442;0.919154;0.893866;0.925853;0.924928;0.930012;0.922244;0.943965;0.927308;0.922058;0.923139;0.920398;0.941414;0.943252;0.925051;0.923383;0.805863;0.920866;0.917170;0.941626;0.943419;0.805462;0.957772;0.921117;0.361203;0.922519;0.922682;0.920888;0.932190;0.925376;0.923722;0.908715;0.895888;0.927938;0.917679;0.929851;0.917309;0.917990;0.931582;0.919147;0.947688;0.940100;0.807377;0.964454;0.944312;0.924785;0.914393;0.950822;0.971311;0.939409;0.918020;0.922485;0.925695;0.937470;0.924709;0.897092;0.917474;0.929881;0.918572;0.918306;0.943413;0.907924;0.917252;0.941566;0.926375;0.908644;0.923360;0.924206;0.919948;0.918016;0.919396;0.915750;0.940270;0.943526;0.931351;0.933604;0.924550;0.934152;0.924139;0.971643;0.924077;0.926717;0.921254;0.920585;0.332067;0.930094;0.943860;0.796592;0.943359;0.919624;0.946502;0.922495;0.942590;0.962986;0.971586;0.922618;0.943496;0.935972;0.939997;0.914698;0.921171;0.946699;0.926057;0.966345;0.921237;0.917579;0.944089;0.928198;0.908919;0.923044;0.950851;0.928031;0.930641;0.950804;0.929246;0.908343;0.921441;0.943217;0.915280;0.922543;0.938956;0.921719;0.916980;0.967853;0.924328;0.919535;0.919056;0.921956
525318;0.923652;0.911563;0.934703;0.955506;0.919683;0.925244;0.924274;0.916522;0.926080;0.906898;0.927537;0.000000;0.925791;0.915031;0.951420;0.921479;0.931749;0.923435;0.924252;0.924005;0.929368;0.911407;0.907404;0.921444;0.921592;0.925688;0.935560;0.918675;0.930624;0.919424;0.929379;0.917425;0.905171;0.925696;0.936605;0.908555;0.932657;0.906214;0.913588;0.929317;0.917040;0.906722;0.927019;0.919523;0.934590;0.919740;0.920364;0.925377;0.931085;0.945361;0.927533;0.911086;0.906917;0.916534;0.926183;0.920339;0.906928;0.915086;0.903272;0.926628;0.923019;0.905141;0.910028;0.901802;0.907188;0.923278;0.920515;0.936723;0.905851;0.917406;0.917760;0.934727;0.921866;0.931555;0.935491;0.954121;0.903962;0.916383;0.943891;0.927699;0.919441;0.935073;0.918825;0.928296;0.918319;0.908295;0.935594;0.921273;0.913454;0.925192;0.910424;0.932352;0.930410;0.912091;0.923810;0.912830;0.934712;0.934532;0.927138;0.900344;0.925942;0.924253;0.924349;0.928792;0.952160;0.916905;0.929914;0.929746;0.905884;0.905658;0.920082;0.917178;0.900851;0.915009;0.919216;0.505685;0.925492;0.920674;0.905641;0.927269;0.923328;0.910535;0.929211;0.921847;0.926717;0.952715;0.925450;0.920216;0.923928;0.932576;0.957387;0.920450;0.898879;0.906120;0.903302;0.918988;0.902048;0.920960;0.923355;0.921928;0.905693;0.926855;0.913821;0.913718;0.926724;0.919076;0.911139;0.915651;0.933762;0.907994;0.907195;0.927693;0.927695;0.924403;0.921439;0.924753;0.922971;0.921355;0.916751;0.922725;0.916826;0.957777;0.919844;0.930897;0.918474;0.910987;0.931274;0.920074;0.924068;0.927945;0.926356;0.928373;0.925458;0.911048;0.912026;0.957025;0.957723;0.905856;0.924899;0.925048;0.921229;0.920466;0.912536;0.926299;0.922342;0.955478;0.931545;0.923819;0.914650;0.910558;0.915435;0.930843;0.934966;0.934467;0.918658;0.934035;0.917206;0.914738;0.917186;0.924458;0.936138;0.906204;0.915831;0.931604;0.926695;0.957462;0.916197;0.926603;0.928587;0.905221
692420;0.867839;0.931830;0.939706;0.955870;0.933741;0.927337;0.937836;0.942084;0.891213;0.915470;0.942675;0.925791;0.000000;0.861207;0.943613;0.942733;0.937539;0.944140;0.928053;0.943482;0.943028;0.933770;0.932464;0.903077;0.870494;0.943984;0.942028;0.937738;0.938065;0.936373;0.942076;0.860933;0.917116;0.933468;0.943053;0.919047;0.938803;0.904882;0.913098;0.941114;0.858495;0.895998;0.938946;0.942608;0.941561;0.901905;0.864414;0.936312;0.942668;0.956765;0.929857;0.932131;0.905391;0.859807;0.937226;0.943269;0.893977;0.942144;0.907162;0.890977;0.661017;0.927311;0.931978;0.916865;0.929097;0.931377;0.935175;0.943162;0.916263;0.932761;0.927241;0.942594;0.944690;0.943139;0.947556;0.947056;0.909294;0.927730;0.948098;0.936939;0.903401;0.941865;0.941848;0.944656;0.936820;0.908466;0.947708;0.942352;0.934173;0.928071;0.908383;0.947655;0.938064;0.932955;0.656295;0.934347;0.942289;0.943321;0.940774;0.929722;0.934712;0.647143;0.893286;0.940545;0.943711;0.942577;0.943371;0.937326;0.905390;0.896710;0.941751;0.941339;0.907703;0.931507;0.936590;0.923433;0.937982;0.942262;0.916949;0.944268;0.942542;0.932525;0.942649;0.901864;0.939852;0.953730;0.893124;0.943239;0.931635;0.944724;0.914885;0.869519;0.918959;0.905282;0.909268;0.901151;0.908585;0.938530;0.936398;0.942892;0.927162;0.935875;0.935786;0.929574;0.936156;0.934081;0.921710;0.931339;0.946018;0.917887;0.927415;0.936941;0.938932;0.935057;0.870102;0.928060;0.942313;0.941509;0.941866;0.942976;0.918023;0.914893;0.944111;0.940577;0.941902;0.933123;0.943831;0.940169;0.928390;0.940511;0.649713;0.939959;0.933869;0.942057;0.933760;0.948745;0.914997;0.904399;0.928396;0.944399;0.870073;0.934552;0.933257;0.928490;0.945092;0.955913;0.942721;0.937082;0.927233;0.910768;0.931622;0.938251;0.945783;0.939520;0.928305;0.899246;0.926722;0.932110;0.940737;0.927169;0.942207;0.904888;0.932663;0.940296;0.936956;0.957217;0.941385;0.937552;0.940497;0.904464
1230477;0.873131;0.917770;0.931228;0.957484;0.927769;0.924061;0.925852;0.927773;0.896291;0.895416;0.931877;0.915031;0.861207;0.000000;0.944374;0.932185;0.928048;0.933594;0.923791;0.933771;0.932186;0.918590;0.917848;0.893021;0.871651;0.935462;0.933837;0.923806;0.927495;0.923769;0.932571;0.378924;0.901994;0.923390;0.933117;0.905274;0.929728;0.886220;0.899838;0.931102;0.381393;0.877273;0.933983;0.930748;0.932805;0.891787;0.398238;0.925798;0.933045;0.957735;0.925995;0.917708;0.886812;0.705706;0.926943;0.932678;0.876915;0.929535;0.883407;0.896444;0.857287;0.909713;0.915098;0.901679;0.913232;0.919684;0.923859;0.933295;0.902817;0.925530;0.916164;0.931562;0.932796;0.933811;0.939322;0.948046;0.888060;0.915680;0.947634;0.927207;0.891937;0.933258;0.930124;0.934420;0.922679;0.886261;0.939383;0.931820;0.918477;0.923192;0.888696;0.937821;0.927445;0.918109;0.858359;0.929128;0.933010;0.933816;0.929475;0.913921;0.923863;0.859148;0.895231;0.930454;0.944742;0.929398;0.932705;0.926538;0.885189;0.876079;0.931240;0.929609;0.884630;0.919663;0.923755;0.912670;0.927400;0.931466;0.901776;0.933569;0.932504;0.915948;0.937762;0.893424;0.928453;0.954683;0.895725;0.931173;0.920638;0.941404;0.923096;0.869707;0.904141;0.886118;0.887674;0.890713;0.886089;0.926845;0.924815;0.932229;0.910332;0.925387;0.929986;0.917407;0.926098;0.928184;0.908720;0.920070;0.937302;0.903849;0.911954;0.927201;0.928446;0.923923;0.871182;0.923105;0.932234;0.932055;0.930103;0.933939;0.905483;0.923455;0.931564;0.931421;0.929561;0.917937;0.934821;0.929685;0.922374;0.929294;0.861462;0.929763;0.929501;0.929486;0.928369;0.949708;0.923373;0.885165;0.922762;0.936097;0.870846;0.922510;0.917928;0.925202;0.933349;0.957541;0.933264;0.925721;0.922762;0.888424;0.920104;0.927927;0.942871;0.931186;0.917919;0.905780;0.916284;0.919368;0.928181;0.922237;0.932458;0.886221;0.925229;0.930029;0.926313;0.959198;0.929420;0.927498;0.930169;0.885227
767455;0.940511;0.960281;0.951981;0.944635;0.950440;0.945795;0.957283;0.960322;0.942479;0.955437;0.957734;0.951420;0.943613;0.944374;0.000000;0.948880;0.950987;0.947489;0.946862;0.946116;0.957689;0.961333;0.960529;0.947226;0.941454;0.956070;0.954329;0.959108;0.952230;0.957052;0.956338;0.943792;0.951667;0.954398;0.954935;0.952985;0.951332;0.955133;0.949339;0.955776;0.943039;0.950470;0.951951;0.958729;0.954088;0.946806;0.945396;0.956029;0.953738;0.946079;0.948166;0.960275;0.955561;0.943981;0.956324;0.947417;0.949584;0.954468;0.957683;0.942219;0.944350;0.960415;0.961743;0.951200;0.960424;0.954220;0.953871;0.954954;0.951323;0.950434;0.960550;0.955469;0.952366;0.954424;0.957105;0.490821;0.958387;0.960705;0.430751;0.956071;0.947471;0.954221;0.953031;0.957187;0.958561;0.958172;0.957222;0.947833;0.963419;0.945160;0.958016;0.958881;0.952407;0.961808;0.943075;0.945760;0.954796;0.954653;0.955919;0.961354;0.955372;0.944673;0.943620;0.955212;0.444357;0.960025;0.957978;0.952033;0.955604;0.950859;0.955739;0.953422;0.957409;0.953171;0.957201;0.950218;0.957185;0.948489;0.951097;0.956301;0.943960;0.962057;0.953415;0.946389;0.955920;0.944242;0.943198;0.950522;0.953950;0.954603;0.947691;0.941306;0.952344;0.955297;0.958156;0.946691;0.957941;0.957564;0.956240;0.947266;0.959940;0.955854;0.946712;0.951878;0.955751;0.949863;0.954191;0.952781;0.956381;0.952780;0.960078;0.956078;0.957619;0.955833;0.941410;0.945252;0.946810;0.955012;0.952725;0.955461;0.951500;0.947550;0.956153;0.952316;0.958704;0.961126;0.956942;0.945810;0.946826;0.956311;0.943491;0.953247;0.949488;0.954336;0.945288;0.436369;0.947694;0.955234;0.945964;0.956250;0.941354;0.954974;0.962547;0.946759;0.955572;0.944570;0.953732;0.956132;0.947009;0.959408;0.952875;0.952384;0.954211;0.951907;0.960573;0.945614;0.959757;0.954028;0.957977;0.945001;0.955106;0.955135;0.949981;0.953672;0.956733;0.945181;0.952616;0.956646;0.953322;0.955258
880633;0.941668;0.912170;0.937113;0.962978;0.933874;0.941376;0.924842;0.908223;0.943659;0.915031;0.929916;0.921479;0.942733;0.932185;0.948880;0.000000;0.935664;0.454492;0.941912;0.866231;0.930506;0.912481;0.911771;0.938985;0.940547;0.926170;0.936213;0.917976;0.935426;0.918249;0.929136;0.933565;0.915595;0.926570;0.938396;0.924321;0.936842;0.914150;0.922790;0.931441;0.933150;0.917643;0.940510;0.908923;0.937053;0.936192;0.936344;0.925241;0.931870;0.964237;0.943417;0.911506;0.914744;0.934025;0.925921;0.872234;0.917407;0.874961;0.916715;0.944403;0.941150;0.907494;0.908631;0.912523;0.907671;0.925791;0.919867;0.938599;0.921030;0.932577;0.924957;0.937295;0.901691;0.932162;0.934650;0.948285;0.919372;0.924393;0.952798;0.928022;0.936258;0.935461;0.897450;0.931622;0.918052;0.918066;0.934653;0.388031;0.911939;0.939994;0.919680;0.934430;0.935258;0.909771;0.941310;0.936728;0.935158;0.934381;0.930623;0.910873;0.927992;0.943001;0.943612;0.930925;0.950756;0.909398;0.930801;0.934788;0.914236;0.917059;0.921142;0.876313;0.916621;0.918696;0.917863;0.921993;0.928307;0.387979;0.913022;0.939511;0.865706;0.908944;0.943094;0.938842;0.930000;0.959495;0.944022;0.897888;0.925376;0.945924;0.971131;0.939433;0.915045;0.914144;0.918419;0.935695;0.917319;0.918821;0.923559;0.867715;0.906899;0.928400;0.938073;0.918121;0.927200;0.933582;0.926030;0.919424;0.932906;0.924053;0.908458;0.928031;0.928248;0.926164;0.940553;0.939874;0.868865;0.921507;0.871858;0.922269;0.922859;0.971508;0.900565;0.938195;0.908287;0.911745;0.930967;0.444219;0.940888;0.930755;0.943558;0.929447;0.941522;0.874834;0.936138;0.954747;0.971423;0.914208;0.940594;0.924726;0.940134;0.920744;0.910446;0.942580;0.899522;0.962980;0.932286;0.924112;0.940577;0.920717;0.919159;0.935689;0.946560;0.937018;0.925584;0.949977;0.924155;0.919435;0.908057;0.938872;0.938138;0.914149;0.932098;0.932278;0.928086;0.964808;0.872075;0.926482;0.929329;0.914258
1318;0.934246;0.932104;0.677874;0.961413;0.941724;0.943593;0.926914;0.930048;0.939210;0.923346;0.925964;0.931749;0.937539;0.928048;0.950987;0.935664;0.000000;0.937172;0.943520;0.935533;0.925779;0.932183;0.931611;0.933288;0.933082;0.941596;0.915461;0.923300;0.920364;0.922333;0.925843;0.929461;0.922312;0.917290;0.932446;0.923580;0.612443;0.924014;0.920557;0.924785;0.928936;0.923124;0.944110;0.932243;0.923473;0.932067;0.931742;0.917114;0.911505;0.961281;0.945135;0.931627;0.924640;0.929112;0.917144;0.934748;0.922954;0.932324;0.925363;0.939526;0.935615;0.928313;0.929724;0.920786;0.929642;0.916725;0.922504;0.932608;0.921146;0.940423;0.934626;0.931581;0.933780;0.914668;0.923308;0.953071;0.927839;0.933462;0.953522;0.918888;0.931647;0.913523;0.931930;0.919903;0.922337;0.927213;0.923873;0.935655;0.932562;0.940869;0.928222;0.922087;0.919525;0.931181;0.936115;0.939648;0.912990;0.912270;0.923768;0.931513;0.917086;0.936898;0.938475;0.924041;0.950737;0.931843;0.926759;0.920059;0.924038;0.922348;0.937274;0.933241;0.925642;0.917781;0.921936;0.931440;0.918714;0.935499;0.921088;0.933454;0.935287;0.930135;0.946637;0.933495;0.923617;0.959500;0.938771;0.932612;0.916059;0.949563;0.960708;0.932288;0.922746;0.923886;0.927360;0.931379;0.926571;0.923686;0.926299;0.934488;0.928566;0.918288;0.939853;0.916695;0.918286;0.942075;0.925866;0.917874;0.920896;0.923481;0.929841;0.918886;0.919274;0.916969;0.933173;0.940670;0.935094;0.938303;0.932682;0.939137;0.922542;0.960977;0.932642;0.610822;0.931237;0.931700;0.927219;0.935560;0.940974;0.924242;0.937975;0.910843;0.943956;0.932429;0.939020;0.956854;0.960964;0.923999;0.940742;0.940627;0.932851;0.923129;0.931704;0.944293;0.934227;0.961410;0.911615;0.926364;0.942858;0.929121;0.918245;0.920171;0.949643;0.680497;0.934799;0.945622;0.933693;0.918031;0.930455;0.940175;0.932731;0.924010;0.940394;0.910272;0.918943;0.962658;0.932441;0.918016;0.912358;0.923944
326425;0.942952;0.914598;0.938558;0.963703;0.935676;0.942340;0.927221;0.910971;0.945153;0.916720;0.932086;0.923435;0.944140;0.933594;0.947489;0.454492;0.937172;0.000000;0.943319;0.874598;0.932575;0.914959;0.914262;0.940207;0.941842;0.927988;0.938013;0.920431;0.937106;0.920527;0.931261;0.934994;0.917597;0.928934;0.940260;0.926331;0.938230;0.915842;0.924950;0.933400;0.934653;0.919106;0.941744;0.911466;0.938876;0.937346;0.937752;0.927681;0.933437;0.964723;0.944867;0.914010;0.916458;0.935440;0.928379;0.879902;0.918875;0.879688;0.917958;0.945867;0.942508;0.910001;0.911123;0.914588;0.910336;0.928082;0.922514;0.940401;0.923010;0.934389;0.926880;0.939294;0.903100;0.933696;0.935775;0.944704;0.920623;0.926482;0.951551;0.930301;0.937463;0.937341;0.900485;0.933499;0.920503;0.919324;0.935767;0.420592;0.914322;0.940691;0.920991;0.936224;0.936981;0.912289;0.942629;0.937823;0.936969;0.936320;0.932670;0.913267;0.930598;0.944361;0.945058;0.932859;0.952092;0.911916;0.932835;0.936522;0.915839;0.918569;0.923511;0.880817;0.917958;0.921001;0.920180;0.924090;0.930455;0.430611;0.915092;0.941363;0.872728;0.911447;0.944529;0.940085;0.932008;0.960987;0.945578;0.900946;0.927684;0.946808;0.971594;0.940733;0.917096;0.915794;0.919728;0.936839;0.918654;0.921124;0.925968;0.873606;0.909265;0.930982;0.939269;0.920472;0.929499;0.935129;0.927845;0.921767;0.934117;0.925924;0.910753;0.930307;0.930576;0.928410;0.941966;0.940577;0.877719;0.923731;0.876529;0.924534;0.924872;0.971944;0.903588;0.939889;0.911015;0.914258;0.932998;0.472417;0.941780;0.932696;0.944942;0.930987;0.943068;0.879639;0.937438;0.953088;0.971900;0.915819;0.941604;0.927122;0.941426;0.923275;0.912888;0.944207;0.902496;0.963735;0.934372;0.926520;0.942578;0.921880;0.921417;0.937365;0.947654;0.938460;0.927607;0.951239;0.926230;0.921768;0.910288;0.940030;0.939961;0.915836;0.933822;0.934239;0.930420;0.965354;0.876428;0.928816;0.930884;0.915861
1457191;0.924851;0.941082;0.945745;0.950398;0.924960;0.442475;0.944732;0.947129;0.927396;0.934642;0.945574;0.924252;0.928053;0.923791;0.946862;0.941912;0.943520;0.943319;0.000000;0.940873;0.945744;0.941036;0.940864;0.925879;0.923771;0.943319;0.949485;0.944841;0.942812;0.945029;0.946157;0.925108;0.929543;0.943121;0.946766;0.936185;0.944516;0.934263;0.931045;0.944136;0.924770;0.928874;0.931137;0.948676;0.946601;0.926390;0.927066;0.944912;0.945429;0.950519;0.508096;0.940740;0.934851;0.923463;0.945385;0.939757;0.928824;0.942721;0.934609;0.927192;0.925961;0.938077;0.943595;0.929441;0.939553;0.941248;0.942060;0.946682;0.934721;0.923014;0.938254;0.945523;0.947607;0.946419;0.950805;0.950181;0.936924;0.937082;0.949725;0.945259;0.925960;0.949309;0.945830;0.947437;0.944076;0.936109;0.950855;0.939977;0.946058;0.894957;0.937167;0.949637;0.942815;0.945028;0.926497;0.926207;0.949093;0.948652;0.942304;0.941022;0.942654;0.926979;0.926000;0.943759;0.946954;0.948819;0.946031;0.942335;0.934066;0.928233;0.939479;0.942384;0.934828;0.936366;0.944933;0.921977;0.945095;0.939502;0.929025;0.946585;0.940036;0.944152;0.931957;0.926348;0.942575;0.948177;0.926259;0.946180;0.941986;0.935552;0.945761;0.923367;0.930797;0.934608;0.936703;0.925873;0.935801;0.946130;0.944289;0.939696;0.938622;0.943504;0.926779;0.934907;0.944588;0.923999;0.938589;0.936763;0.949720;0.935741;0.939426;0.945252;0.946304;0.943114;0.923294;0.895129;0.940079;0.940590;0.943147;0.941578;0.935879;0.945902;0.946386;0.945392;0.948184;0.940963;0.947165;0.939037;0.891923;0.943364;0.927709;0.944586;0.924799;0.942675;0.926312;0.952714;0.945865;0.934037;0.894579;0.943351;0.923665;0.942570;0.945448;0.354948;0.948188;0.950370;0.945613;0.944338;0.452188;0.937579;0.936378;0.942854;0.937065;0.945504;0.938353;0.933544;0.937437;0.935860;0.946952;0.893353;0.946807;0.934261;0.922058;0.946708;0.944679;0.952383;0.942812;0.945571;0.944597;0.934073
695562;0.941844;0.918197;0.937079;0.960566;0.934086;0.940340;0.928530;0.914006;0.944486;0.920911;0.931745;0.924005;0.943482;0.933771;0.946116;0.866231;0.935533;0.874598;0.940873;0.000000;0.932162;0.918531;0.917819;0.940321;0.941015;0.927589;0.936979;0.922535;0.935452;0.922531;0.930853;0.935211;0.919565;0.929421;0.939692;0.926805;0.936743;0.920127;0.924643;0.932330;0.934715;0.922464;0.939642;0.914916;0.937065;0.937852;0.937794;0.928002;0.931460;0.961579;0.942481;0.917548;0.920796;0.935655;0.928628;0.369959;0.922256;0.869990;0.923070;0.945110;0.941968;0.914134;0.915577;0.916822;0.914186;0.928731;0.923404;0.939773;0.923697;0.933403;0.927983;0.938687;0.905582;0.931961;0.935140;0.947904;0.925330;0.927294;0.949966;0.930112;0.937826;0.936521;0.903209;0.932547;0.922609;0.924474;0.935159;0.869605;0.919052;0.938732;0.925858;0.935059;0.935386;0.916611;0.942007;0.935982;0.936144;0.935157;0.931669;0.917384;0.930271;0.943626;0.944477;0.931724;0.946838;0.915340;0.932528;0.934917;0.920332;0.922167;0.923779;0.871112;0.922927;0.920750;0.922136;0.924545;0.930549;0.867977;0.917220;0.940886;0.344682;0.915951;0.943118;0.940302;0.931226;0.958602;0.944721;0.900387;0.928156;0.945381;0.970236;0.940138;0.919109;0.920284;0.924559;0.937379;0.923726;0.922848;0.927344;0.498572;0.913533;0.930704;0.937109;0.920034;0.929483;0.934438;0.928453;0.921395;0.933643;0.926680;0.914922;0.930125;0.930841;0.928896;0.941288;0.938676;0.355677;0.923853;0.866460;0.924357;0.925046;0.970559;0.905752;0.937966;0.913914;0.917927;0.932408;0.873200;0.939434;0.932021;0.944112;0.929798;0.940166;0.869958;0.935219;0.952990;0.970463;0.920280;0.938835;0.926867;0.940683;0.924604;0.917551;0.940976;0.904791;0.960600;0.931698;0.927577;0.940579;0.926957;0.921030;0.935845;0.945147;0.936910;0.928276;0.950482;0.926937;0.921503;0.913908;0.937874;0.939339;0.920121;0.933362;0.933252;0.930434;0.962103;0.866893;0.929193;0.929528;0.920328
