;279010;698737;1114965;712938;220668;568704;1225205;1624;1398;1348908;370552;525318;692420;1230477;767455;880633;1318;326425;1457191;695562;1390082;904354;883164;1333862;1402;491077;453366;1154861;1214192;1154879;370554;565143;1391469;1353243;40041;1138890;1073372;260799;1260356;759913;224308;1348623;1350467;1041521;568814;1052684;1315975;862967;347253;575599;1300223;1034809;281309;1236548;862966;695563;545693;1226678;1324966;345219;1390372;1116220;979222;1157358;93061;1095729;210007;1051072;1157475;1350466;1266717;1381085;1037411;1048332;322159;390333;1053233;283734;1269760;862968;1333863;453365;257314;1433289;1154776;180862;1308;1587;1344987;1215914;529122;1436725;1214218;176280;1126211;511437;453362;171101;1000589;1422305;1163301;1198291;1298921;663954;1050107;1273133;1314;1214210;212045;1404;1598;1579;1053174;981539;1154876;525310;857292;767462;226185;681573;1604;1155131;1580;1429244;119602;1381124;1245026;909954;862971;1384064;997761;1232672;1151189;226900;1053215;886882;718222;208435;1225186;1423723;663951;706437;1423728;1258574;862969;1327988;1138915;990317;1051074;1391465;931437;696216;1248420;76860;1131732;1312920;695560;349123;272621;1358027;333849;1036673;33959;888048;1029822;1409679;160490;1226335;1051653;452436;1333538;1200793;1382301;525306;1071400;29397;1116391;568206;1051657;557436;1368424;1225194;1344989;568703;1408186;334390;1304;1225196;525361;79672;637909;1323698;387344;760570;984892;1121088;937773;53354;362948;1318635;553482;198094;1304889;487214;1035184;767453;1226679;1316583;1074494;1412842
279010;0.000000;0.578298;0.548812;0.611103;0.474349;0.438137;0.557830;0.641612;0.275521;0.490288;0.603363;0.482176;0.168377;0.229462;0.574324;0.596553;0.533402;0.585591;0.438821;0.610487;0.601072;0.586755;0.583654;0.389505;0.043166;0.567700;0.556246;0.581977;0.525083;0.572758;0.604663;0.217209;0.458216;0.555796;0.580686;0.454078;0.545765;0.521652;0.443757;0.568970;0.214278;0.464973;0.499114;0.649548;0.557950;0.407258;0.209152;0.580750;0.571080;0.639054;0.439343;0.581918;0.523686;0.205745;0.585976;0.609810;0.452841;0.633617;0.587031;0.280983;0.167686;0.572843;0.597503;0.479505;0.583223;0.531101;0.587356;0.578481;0.449319;0.469477;0.502599;0.581844;0.646466;0.569247;0.614496;0.614905;0.575284;0.510704;0.627663;0.585353;0.394259;0.553196;0.635770;0.589416;0.574706;0.585000;0.614375;0.592753;0.596457;0.430104;0.563963;0.612310;0.524943;0.603543;0.165927;0.494156;0.555847;0.583802;0.572713;0.587794;0.559558;0.171276;0.288755;0.571562;0.596989;0.639430;0.603839;0.519709;0.531015;0.467892;0.586211;0.619637;0.578732;0.549174;0.576713;0.464228;0.589045;0.591691;0.472328;0.591237;0.594264;0.600657;0.516595;0.390458;0.561264;0.580418;0.292589;0.636125;0.540059;0.521699;0.608921;0.071233;0.479963;0.528020;0.574932;0.407112;0.578725;0.595604;0.552887;0.606566;0.574064;0.574131;0.511283;0.535776;0.577484;0.472711;0.471145;0.546564;0.605219;0.442257;0.573360;0.585389;0.585430;0.570079;0.068632;0.430683;0.591584;0.572087;0.632127;0.589426;0.447671;0.607058;0.647237;0.556852;0.645963;0.586469;0.616797;0.567598;0.415984;0.564355;0.170681;0.548945;0.462018;0.634230;0.496251;0.547091;0.607595;0.530017;0.429048;0.602913;0.050311;0.557202;0.598503;0.440463;0.648080;0.611435;0.572618;0.559690;0.436409;0.593424;0.549801;0.524966;0.552576;0.550667;0.514166;0.307481;0.511369;0.550942;0.636016;0.428859;0.567571;0.521685;0.466928;0.557548;0.583578;0.618405;0.626869;0.587688;0.558372;0.530328
698737;0.578298;0.000000;0.461298;0.639024;0.466699;0.513550;0.348496;0.302341;0.550482;0.409141;0.392735;0.368906;0.558292;0.514253;0.616669;0.341839;0.452677;0.338562;0.512133;0.383248;0.391273;0.053792;0.036552;0.600303;0.574331;0.365530;0.420707;0.287813;0.428760;0.291880;0.391849;0.518837;0.352850;0.380602;0.470860;0.392205;0.461368;0.499147;0.398993;0.393043;0.513026;0.540175;0.473066;0.322704;0.434061;0.601389;0.523975;0.374940;0.407312;0.665101;0.514646;0.029053;0.506843;0.525318;0.380500;0.380796;0.525176;0.326553;0.625776;0.557449;0.559771;0.192336;0.181536;0.338119;0.153491;0.365507;0.369717;0.471364;0.373987;0.465442;0.265702;0.467401;0.365158;0.402587;0.425809;0.635869;0.609414;0.270292;0.657564;0.394910;0.588524;0.420539;0.346119;0.396392;0.289693;0.627327;0.425376;0.337601;0.181686;0.508641;0.602756;0.422751;0.426263;0.173372;0.562406;0.483048;0.416415;0.436115;0.391202;0.219307;0.388229;0.563836;0.553336;0.395231;0.635462;0.303253;0.393829;0.423910;0.522616;0.540694;0.365206;0.323940;0.613372;0.341784;0.292516;0.387070;0.393378;0.335069;0.338398;0.481667;0.368032;0.182662;0.483439;0.601328;0.382819;0.613836;0.556464;0.349947;0.371301;0.486772;0.794199;0.573946;0.346539;0.515365;0.607136;0.602040;0.611386;0.308318;0.341277;0.374006;0.189779;0.397664;0.492887;0.338837;0.385651;0.465176;0.398292;0.342151;0.414236;0.393268;0.187735;0.394904;0.380800;0.377563;0.576249;0.508522;0.364589;0.358584;0.327337;0.373185;0.367543;0.794491;0.363670;0.469998;0.313686;0.049557;0.407842;0.313261;0.509449;0.386774;0.569160;0.383516;0.517940;0.329878;0.482760;0.608609;0.794288;0.522227;0.507934;0.390081;0.574227;0.343495;0.175799;0.513837;0.366831;0.638861;0.410772;0.350460;0.515963;0.643124;0.343233;0.428599;0.504753;0.462574;0.278967;0.561530;0.271617;0.344349;0.298208;0.507102;0.459434;0.499023;0.465406;0.416138;0.391098;0.644671;0.317943;0.381886;0.388101;0.522401
1114965;0.548812;0.461298;0.000000;0.502477;0.472908;0.445784;0.328098;0.447046;0.512296;0.533841;0.297357;0.401082;0.537059;0.540024;0.441779;0.372747;0.100796;0.373384;0.445559;0.355898;0.290713;0.460012;0.462386;0.641467;0.555317;0.357659;0.212985;0.356627;0.238423;0.350087;0.295134;0.534191;0.448746;0.264832;0.343450;0.416834;0.092579;0.614075;0.392928;0.259542;0.522801;0.630015;0.406338;0.446376;0.212042;0.653394;0.532821;0.274824;0.242746;0.535775;0.445696;0.459478;0.619198;0.537859;0.273050;0.360207;0.617950;0.418729;0.702584;0.513229;0.554152;0.500785;0.485148;0.445984;0.489035;0.268302;0.324549;0.341590;0.410757;0.480569;0.434496;0.344658;0.407486;0.245113;0.269549;0.466043;0.690575;0.427528;0.506918;0.266324;0.638927;0.222876;0.404381;0.261302;0.351685;0.703037;0.269997;0.370255;0.486759;0.437967;0.685126;0.269015;0.239048;0.477059;0.555024;0.376908;0.219723;0.208985;0.262488;0.518433;0.259202;0.545276;0.510081;0.259769;0.467074;0.452310;0.295998;0.246245;0.630386;0.631046;0.353715;0.399479;0.693221;0.351977;0.348156;0.425455;0.273804;0.370498;0.438489;0.358639;0.349763;0.484857;0.398060;0.642721;0.264063;0.478128;0.508461;0.399178;0.269851;0.394334;0.773548;0.563868;0.446274;0.624427;0.689092;0.653913;0.692142;0.347734;0.327119;0.357840;0.499560;0.263936;0.374299;0.355272;0.262917;0.470830;0.422554;0.348235;0.261067;0.430177;0.499885;0.266314;0.273694;0.267369;0.556808;0.437737;0.351458;0.356109;0.413770;0.355720;0.383487;0.771886;0.412010;0.104684;0.446092;0.461440;0.303155;0.367772;0.453490;0.264468;0.548353;0.257437;0.488837;0.421334;0.375119;0.449919;0.772659;0.629862;0.440288;0.355470;0.557610;0.325408;0.482403;0.444277;0.412104;0.502409;0.239944;0.322329;0.455739;0.714818;0.350506;0.240063;0.394583;0.073514;0.420714;0.505455;0.423619;0.350844;0.441647;0.438556;0.343332;0.614006;0.482340;0.216278;0.269926;0.510083;0.412844;0.275153;0.249967;0.629975
712938;0.611103;0.639024;0.502477;0.000000;0.493200;0.474044;0.585276;0.645830;0.566180;0.675122;0.544866;0.534582;0.602072;0.628110;0.395975;0.563067;0.505174;0.565283;0.473960;0.529566;0.542041;0.638468;0.639893;0.678438;0.618581;0.510844;0.539146;0.604653;0.528101;0.599956;0.542952;0.623163;0.602705;0.560636;0.556338;0.617377;0.502165;0.716234;0.596843;0.529658;0.616162;0.712108;0.428321;0.641120;0.518268;0.689196;0.621288;0.566678;0.527177;0.125431;0.472730;0.638089;0.718716;0.625357;0.565002;0.534525;0.703902;0.601210;0.772399;0.564506;0.618865;0.667451;0.666697;0.607098;0.659266;0.559852;0.579083;0.554466;0.615929;0.504668;0.598163;0.559399;0.601726;0.529169;0.531081;0.403745;0.763671;0.594599;0.451086;0.558490;0.679154;0.545752;0.603443;0.538086;0.602283;0.771069;0.531189;0.562793;0.666496;0.488849;0.757728;0.535495;0.528977;0.659281;0.618114;0.436621;0.547261;0.539046;0.530181;0.677608;0.557514;0.609167;0.562607;0.529948;0.401814;0.648959;0.542679;0.532496;0.726527;0.714113;0.510608;0.579295;0.765795;0.573817;0.599443;0.543302;0.562633;0.563323;0.598638;0.564312;0.531138;0.666629;0.406561;0.678857;0.535838;0.112710;0.559183;0.597833;0.564953;0.397903;0.774187;0.625780;0.606759;0.722194;0.762758;0.690529;0.764760;0.593490;0.585189;0.535152;0.667099;0.558545;0.429275;0.575894;0.558926;0.492082;0.623904;0.571597;0.533524;0.622197;0.665941;0.558539;0.564837;0.563734;0.619669;0.488790;0.533316;0.517229;0.597176;0.510054;0.601148;0.771444;0.605444;0.500426;0.641848;0.640232;0.540056;0.563117;0.506485;0.536130;0.609947;0.542986;0.488780;0.602494;0.436245;0.431548;0.772814;0.725712;0.490809;0.504648;0.620587;0.585946;0.663412;0.472639;0.604815;0.027132;0.525210;0.580979;0.486852;0.778401;0.571939;0.526861;0.376196;0.499465;0.589012;0.555044;0.590758;0.573185;0.641459;0.490919;0.559242;0.716231;0.506675;0.546610;0.563340;0.081733;0.598139;0.564833;0.538958;0.725763
220668;0.474349;0.466699;0.472908;0.493200;0.000000;0.273505;0.464751;0.531687;0.447491;0.479057;0.491394;0.315498;0.460063;0.438311;0.514935;0.449956;0.458529;0.439150;0.272982;0.458338;0.488299;0.474106;0.472446;0.488727;0.475333;0.384634;0.468931;0.475402;0.429738;0.466403;0.490939;0.439332;0.383194;0.478253;0.501334;0.439525;0.470619;0.533353;0.435592;0.451509;0.434010;0.519270;0.209754;0.538104;0.460916;0.499090;0.440941;0.496646;0.449131;0.532260;0.276704;0.469989;0.537190;0.445229;0.500111;0.458027;0.508419;0.495594;0.613496;0.452691;0.471314;0.480102;0.509454;0.395694;0.481357;0.458785;0.492324;0.497837;0.432282;0.057520;0.401516;0.502360;0.523727;0.448923;0.503389;0.553862;0.600731;0.408536;0.575620;0.502625;0.483933;0.466710;0.509691;0.472491;0.469074;0.611400;0.502882;0.445452;0.508510;0.265091;0.591202;0.501370;0.430202;0.511682;0.471344;0.302127;0.469587;0.496441;0.452862;0.498069;0.480008;0.470618;0.452550;0.455898;0.540700;0.531907;0.491562;0.425840;0.546537;0.522143;0.407618;0.477577;0.603626;0.424319;0.470145;0.305821;0.503464;0.443544;0.386211;0.512204;0.436542;0.512676;0.246507;0.489521;0.444817;0.449730;0.453748;0.509286;0.468371;0.261641;0.700627;0.477818;0.396611;0.541440;0.599099;0.500944;0.603360;0.483377;0.460185;0.452262;0.480435;0.494193;0.326109;0.411338;0.494156;0.055721;0.452162;0.421599;0.492523;0.432765;0.479208;0.502661;0.498970;0.487301;0.476123;0.265467;0.431863;0.387668;0.493887;0.410640;0.425457;0.699703;0.523327;0.480816;0.532873;0.475379;0.503972;0.414977;0.260248;0.450269;0.473471;0.428614;0.169171;0.497242;0.306096;0.496513;0.700029;0.545483;0.265863;0.437029;0.476102;0.465773;0.509201;0.277489;0.525059;0.493213;0.452025;0.464906;0.274135;0.623266;0.423248;0.428119;0.319478;0.473624;0.409900;0.459856;0.407704;0.427090;0.525937;0.265496;0.489542;0.533321;0.062240;0.470240;0.503089;0.501709;0.487479;0.500846;0.439530;0.545647
568704;0.438137;0.513550;0.445784;0.474044;0.273505;0.000000;0.468661;0.570750;0.390312;0.534226;0.476363;0.341637;0.425671;0.428998;0.462629;0.467937;0.433914;0.459793;0.058000;0.459246;0.473048;0.517929;0.517571;0.516973;0.444038;0.416713;0.459716;0.506603;0.422473;0.498339;0.477089;0.423344;0.432558;0.463941;0.475511;0.462047;0.443041;0.586503;0.433853;0.439818;0.414842;0.566765;0.261325;0.573635;0.443737;0.533357;0.420765;0.485669;0.443758;0.512084;0.064636;0.515314;0.589999;0.425670;0.487478;0.461537;0.555470;0.525122;0.660469;0.392485;0.443649;0.536062;0.560642;0.445788;0.533959;0.451298;0.487606;0.472221;0.458725;0.281324;0.441653;0.477043;0.545836;0.445063;0.487132;0.504824;0.648515;0.443217;0.531023;0.483331;0.516895;0.460474;0.537375;0.466956;0.500826;0.658955;0.487092;0.464621;0.559712;0.155085;0.640321;0.486499;0.423361;0.558929;0.443734;0.275536;0.463466;0.479976;0.440362;0.551956;0.462407;0.436104;0.390904;0.442953;0.489566;0.572307;0.475534;0.422027;0.598885;0.568985;0.430959;0.504824;0.651462;0.438957;0.500308;0.334506;0.485829;0.463538;0.434481;0.486239;0.443792;0.562729;0.270238;0.518232;0.438476;0.434233;0.390164;0.534535;0.458618;0.275138;0.697068;0.451631;0.445051;0.594463;0.647363;0.534451;0.651021;0.506765;0.467628;0.458018;0.536751;0.473434;0.290359;0.431943;0.477359;0.273245;0.474249;0.436300;0.480450;0.460529;0.535026;0.483367;0.485724;0.473554;0.443661;0.155217;0.441460;0.421414;0.522237;0.433953;0.445096;0.695336;0.547253;0.450219;0.570889;0.519659;0.484519;0.444066;0.178968;0.441615;0.438259;0.439989;0.274571;0.526438;0.278075;0.452056;0.696110;0.598011;0.157685;0.446943;0.446328;0.472403;0.558817;0.068192;0.548349;0.473929;0.444633;0.467904;0.057921;0.668885;0.436778;0.420250;0.309727;0.445090;0.441099;0.395764;0.440805;0.439063;0.565583;0.155362;0.468825;0.586470;0.282367;0.462865;0.485064;0.482856;0.518463;0.487827;0.444905;0.598184
1225205;0.557830;0.348496;0.328098;0.585276;0.464751;0.468661;0.000000;0.331661;0.521373;0.492263;0.240587;0.347974;0.537793;0.521653;0.526534;0.288134;0.319980;0.287341;0.467755;0.320405;0.238916;0.344947;0.349253;0.628947;0.558929;0.317028;0.275345;0.213814;0.304266;0.217098;0.241221;0.520068;0.391299;0.230173;0.325133;0.379297;0.326702;0.580586;0.360795;0.233594;0.510007;0.603716;0.433477;0.338244;0.297120;0.637885;0.521757;0.229833;0.278211;0.613978;0.469511;0.345474;0.586588;0.524815;0.237005;0.319536;0.589894;0.316952;0.681634;0.526419;0.548263;0.400373;0.376363;0.382985;0.384095;0.222506;0.117734;0.326343;0.367663;0.467710;0.372591;0.320017;0.315227;0.271930;0.292091;0.547494;0.668164;0.368615;0.578226;0.248822;0.623460;0.280813;0.305334;0.260254;0.214618;0.682501;0.291473;0.284884;0.379086;0.463692;0.662590;0.286689;0.301260;0.366386;0.550516;0.417301;0.273524;0.287015;0.230612;0.422547;0.236196;0.544988;0.521231;0.232960;0.547339;0.337783;0.242417;0.302387;0.599171;0.604437;0.309477;0.307748;0.671335;0.247099;0.212640;0.376091;0.250177;0.283278;0.376375;0.339654;0.306321;0.375396;0.436963;0.630192;0.221395;0.559664;0.522465;0.303463;0.224020;0.437679;0.794123;0.563479;0.384255;0.592824;0.666367;0.638364;0.670060;0.215619;0.069084;0.313873;0.399556;0.247133;0.422689;0.251624;0.238220;0.461366;0.384240;0.246223;0.277904;0.390652;0.400432;0.248860;0.237360;0.227709;0.560263;0.463464;0.305688;0.311591;0.314089;0.315195;0.346607;0.793733;0.317571;0.337175;0.335327;0.345643;0.262384;0.276003;0.471427;0.223451;0.550171;0.261231;0.502892;0.320344;0.416095;0.527144;0.793850;0.598717;0.464162;0.323893;0.560141;0.075847;0.373768;0.468923;0.320084;0.585066;0.278038;0.059264;0.474448;0.695643;0.249211;0.305261;0.449618;0.329898;0.367808;0.524530;0.366981;0.249061;0.327200;0.463086;0.318243;0.580493;0.468775;0.272443;0.244192;0.591669;0.310644;0.238742;0.258799;0.598853
1624;0.641612;0.302341;0.447046;0.645830;0.531687;0.570750;0.331661;0.000000;0.606559;0.524724;0.358321;0.436440;0.622500;0.599423;0.615867;0.299109;0.443121;0.304527;0.570001;0.344624;0.357571;0.289406;0.298813;0.676418;0.640338;0.353079;0.395290;0.248967;0.430320;0.264624;0.355883;0.601598;0.445631;0.354436;0.466972;0.449762;0.448650;0.602511;0.445542;0.383401;0.594673;0.636604;0.519611;0.097465;0.417661;0.679420;0.605011;0.323536;0.393664;0.670156;0.572018;0.294595;0.608819;0.606325;0.326820;0.342478;0.623937;0.230287;0.705220;0.612053;0.627369;0.359998;0.295817;0.428785;0.324848;0.352700;0.324714;0.469775;0.434680;0.532946;0.395994;0.461940;0.235725;0.387669;0.375055;0.628217;0.692268;0.390588;0.654027;0.348722;0.668130;0.397908;0.222997;0.360755;0.259684;0.706462;0.374227;0.297870;0.303663;0.571036;0.687082;0.371745;0.426946;0.275514;0.630010;0.518014;0.390551;0.395906;0.381177;0.381038;0.361354;0.627615;0.607039;0.383953;0.631591;0.090060;0.359322;0.426999;0.622151;0.637074;0.335490;0.245003;0.695364;0.363905;0.258476;0.464348;0.345445;0.296503;0.426810;0.475414;0.340518;0.290347;0.524047;0.677335;0.376707;0.624288;0.608786;0.229173;0.352951;0.524810;0.827346;0.641983;0.434236;0.616358;0.690365;0.680683;0.693683;0.249928;0.327175;0.336284;0.357550;0.362323;0.522810;0.372190;0.343828;0.529569;0.451042;0.365726;0.366511;0.459056;0.359306;0.348704;0.329365;0.337933;0.642429;0.570860;0.339199;0.340312;0.232020;0.341769;0.420405;0.827406;0.232161;0.454881;0.086478;0.289667;0.367797;0.298749;0.575115;0.377567;0.632563;0.379645;0.576759;0.236128;0.517031;0.614924;0.827340;0.621848;0.570834;0.349721;0.640698;0.321512;0.293181;0.570908;0.236925;0.645511;0.395581;0.331132;0.574893;0.718966;0.365642;0.430894;0.534362;0.448675;0.392556;0.610330;0.390676;0.364411;0.082897;0.570433;0.461023;0.602411;0.533391;0.389310;0.343468;0.650435;0.229073;0.328106;0.376684;0.621976
1398;0.275521;0.550482;0.512296;0.566180;0.447491;0.390312;0.521373;0.606559;0.000000;0.500626;0.563581;0.435964;0.272152;0.322591;0.533047;0.553873;0.498482;0.545094;0.391616;0.564990;0.561186;0.557203;0.555252;0.458087;0.283699;0.521038;0.524014;0.551466;0.492040;0.543616;0.564613;0.311370;0.433372;0.510126;0.560611;0.445477;0.509286;0.540640;0.423079;0.532401;0.303210;0.513984;0.452749;0.613555;0.518295;0.476153;0.304931;0.533741;0.542803;0.595826;0.391685;0.553193;0.543826;0.306797;0.538878;0.564895;0.501229;0.591991;0.619231;0.054011;0.286538;0.555618;0.579394;0.452350;0.560822;0.487672;0.546605;0.558821;0.441298;0.446136;0.478414;0.561383;0.605402;0.540077;0.578642;0.571096;0.606153;0.482240;0.589309;0.537690;0.461025;0.524669;0.595654;0.555781;0.545245;0.617723;0.578580;0.550288;0.578045;0.400414;0.596040;0.577038;0.491633;0.581662;0.286289;0.443186;0.525639;0.549311;0.535285;0.570988;0.514255;0.276803;0.071892;0.534818;0.554955;0.605937;0.563430;0.487271;0.553055;0.516527;0.536414;0.576036;0.609971;0.511338;0.546345;0.423532;0.541471;0.549223;0.442553;0.570655;0.550288;0.581654;0.465687;0.458985;0.525555;0.536514;0.068882;0.595359;0.496592;0.469072;0.660065;0.294449;0.452485;0.549465;0.605216;0.476978;0.608866;0.561392;0.517347;0.561921;0.557073;0.526967;0.457331;0.500863;0.530768;0.445778;0.460615;0.508922;0.570249;0.439045;0.555866;0.537717;0.538247;0.523682;0.282810;0.400746;0.548130;0.525509;0.590098;0.540788;0.433156;0.658133;0.606770;0.519077;0.610525;0.557319;0.575763;0.526644;0.396738;0.528873;0.278738;0.524933;0.445070;0.592811;0.444690;0.516345;0.658698;0.552153;0.399283;0.552078;0.286659;0.521517;0.578771;0.392723;0.607752;0.566447;0.543952;0.522642;0.392825;0.627182;0.511430;0.491559;0.496792;0.512932;0.483160;0.116302;0.481575;0.512091;0.600879;0.399250;0.549950;0.540644;0.444381;0.527229;0.536429;0.573373;0.585386;0.540202;0.531767;0.552377
1348908;0.490288;0.409141;0.533841;0.675122;0.479057;0.534226;0.492263;0.524724;0.500626;0.000000;0.561433;0.433691;0.487705;0.383584;0.654179;0.525258;0.516429;0.508624;0.533589;0.560625;0.560372;0.432231;0.421865;0.420000;0.479929;0.496494;0.516214;0.473622;0.486988;0.463030;0.563544;0.397524;0.311875;0.524387;0.556639;0.360125;0.531347;0.259827;0.413110;0.519190;0.399938;0.292345;0.508990;0.546114;0.531221;0.406998;0.408035;0.546903;0.523253;0.699822;0.536176;0.420448;0.266028;0.408461;0.554699;0.557033;0.282937;0.545504;0.398554;0.509980;0.476295;0.344827;0.399894;0.320447;0.383869;0.490202;0.541475;0.554143;0.339922;0.468458;0.428828;0.556874;0.571340;0.520935;0.582784;0.685245;0.376800;0.448136;0.694624;0.561676;0.396274;0.510379;0.548122;0.543718;0.463892;0.399788;0.582639;0.518441;0.396713;0.519658;0.367887;0.577823;0.485988;0.429791;0.477938;0.534937;0.511327;0.552628;0.522449;0.375364;0.531854;0.491130;0.511710;0.522752;0.675812;0.513466;0.564089;0.477499;0.278500;0.292506;0.519776;0.537985;0.380522;0.488835;0.470703;0.421203;0.562547;0.515872;0.325866;0.567422;0.537043;0.407990;0.533589;0.421237;0.506499;0.644805;0.518121;0.553272;0.501430;0.542127;0.710512;0.471367;0.332408;0.269781;0.372979;0.406739;0.378746;0.509546;0.482395;0.552078;0.346443;0.551397;0.553638;0.467363;0.549657;0.477058;0.378472;0.486052;0.569010;0.332881;0.348452;0.561723;0.553799;0.538340;0.482359;0.519551;0.532089;0.494368;0.547334;0.524430;0.359221;0.711893;0.568546;0.544767;0.535039;0.428298;0.581937;0.474737;0.504179;0.511213;0.497040;0.482262;0.522896;0.546698;0.536536;0.627205;0.710996;0.277857;0.518517;0.552579;0.477414;0.489918;0.408318;0.535920;0.571078;0.675146;0.527126;0.496781;0.528982;0.423794;0.491198;0.487341;0.574346;0.537452;0.460521;0.525898;0.452096;0.494397;0.515377;0.518052;0.539105;0.259771;0.465271;0.514275;0.558153;0.681188;0.535705;0.556851;0.498676;0.276854
370552;0.603363;0.392735;0.297357;0.544866;0.491394;0.476363;0.240587;0.358321;0.563581;0.561433;0.000000;0.400777;0.583218;0.585051;0.502967;0.300107;0.298385;0.309065;0.475369;0.295511;0.063396;0.383329;0.387096;0.678857;0.607466;0.325663;0.260509;0.257885;0.308099;0.264863;0.067665;0.581075;0.464007;0.241948;0.282133;0.445009;0.295137;0.639459;0.422273;0.161916;0.570484;0.662402;0.429435;0.356765;0.269833;0.689312;0.580770;0.224162;0.237651;0.571779;0.476550;0.386723;0.644746;0.584542;0.222422;0.294711;0.650404;0.324355;0.727034;0.565953;0.597959;0.457611;0.423800;0.453572;0.434760;0.258232;0.206714;0.284662;0.437421;0.499471;0.410324;0.276421;0.311983;0.233905;0.208434;0.517184;0.715415;0.399073;0.551925;0.226153;0.676171;0.269114;0.314355;0.198768;0.262132;0.728869;0.208366;0.300349;0.426683;0.475861;0.711716;0.200313;0.305189;0.407358;0.599340;0.423563;0.261306;0.243520;0.152224;0.474258;0.238759;0.589075;0.559344;0.158061;0.522209;0.366171;0.065919;0.312856;0.655940;0.662750;0.306542;0.316875;0.718065;0.282721;0.256659;0.434640;0.223924;0.300249;0.449407;0.292304;0.295695;0.421520;0.420800;0.679989;0.167868;0.522875;0.560049;0.307797;0.253019;0.416940;0.809257;0.614060;0.454169;0.650524;0.713793;0.689865;0.716909;0.229527;0.245840;0.294858;0.456556;0.237062;0.421548;0.299277;0.223320;0.488554;0.447786;0.281676;0.203107;0.461402;0.456989;0.226149;0.223018;0.229563;0.608377;0.474751;0.297414;0.321458;0.322160;0.310085;0.413773;0.808458;0.317206;0.297037;0.356286;0.385254;0.080447;0.312988;0.490705;0.164984;0.594447;0.257009;0.519873;0.326724;0.421773;0.514724;0.808795;0.655591;0.476776;0.301970;0.609228;0.241426;0.418924;0.475223;0.318486;0.544488;0.234372;0.233299;0.483249;0.740183;0.281571;0.307573;0.415203;0.296599;0.393775;0.558412;0.395805;0.280448;0.357649;0.475950;0.285625;0.639378;0.500074;0.256414;0.226871;0.551158;0.324353;0.222742;0.240503;0.654555
525318;0.482176;0.368906;0.401082;0.534582;0.315498;0.341637;0.347974;0.436440;0.435964;0.433691;0.400777;0.000000;0.466327;0.438251;0.522364;0.359347;0.385418;0.350272;0.340283;0.383235;0.401071;0.373787;0.365107;0.544327;0.482182;0.309909;0.392914;0.365153;0.368582;0.359526;0.404259;0.438666;0.313692;0.374764;0.449792;0.337576;0.397601;0.519911;0.346602;0.367958;0.429804;0.529860;0.314358;0.446390;0.390322;0.554375;0.440958;0.390826;0.384150;0.548567;0.344243;0.370594;0.525550;0.444398;0.396853;0.376443;0.516410;0.398160;0.617860;0.442650;0.475998;0.393040;0.410913;0.312957;0.386981;0.351776;0.379745;0.448117;0.327571;0.317145;0.324098;0.448476;0.431860;0.381559;0.428842;0.552500;0.598158;0.326483;0.558174;0.402892;0.537742;0.395412;0.416073;0.386859;0.360147;0.622507;0.428233;0.354386;0.410161;0.343866;0.600237;0.421550;0.367373;0.408120;0.478130;0.278097;0.393353;0.420726;0.368952;0.395904;0.378839;0.473148;0.436655;0.372203;0.546391;0.433790;0.404615;0.364357;0.537583;0.531280;0.324156;0.382646;0.601679;0.323046;0.361848;0.093394;0.400358;0.351744;0.311756;0.442158;0.360341;0.412787;0.327858;0.545857;0.358014;0.500716;0.439878;0.415683;0.361526;0.333818;0.747068;0.485717;0.301458;0.531429;0.596036;0.554865;0.600363;0.378148;0.341670;0.374694;0.393247;0.394737;0.295640;0.313773;0.392418;0.312877;0.349809;0.320968;0.415375;0.338386;0.392732;0.402915;0.396710;0.381533;0.483210;0.343074;0.356089;0.309408;0.398518;0.332314;0.335420;0.746674;0.431962;0.401825;0.441306;0.374646;0.421517;0.319623;0.348005;0.363734;0.480060;0.360551;0.370294;0.391532;0.278323;0.511960;0.746802;0.536981;0.344323;0.357396;0.483179;0.347751;0.408608;0.343239;0.434765;0.534416;0.387076;0.349370;0.323686;0.636124;0.324044;0.368384;0.364164;0.402132;0.328899;0.446629;0.325666;0.325660;0.429951;0.342313;0.437413;0.519853;0.315112;0.394457;0.400953;0.542131;0.391045;0.398193;0.368006;0.535909
692420;0.168377;0.558292;0.537059;0.602072;0.460063;0.425671;0.537793;0.622500;0.272152;0.487705;0.583218;0.466327;0.000000;0.231514;0.567944;0.578199;0.522906;0.568062;0.426736;0.592214;0.580911;0.566526;0.563591;0.405363;0.174702;0.546576;0.541689;0.561379;0.512960;0.552270;0.584279;0.214970;0.447648;0.537169;0.564536;0.446197;0.534748;0.523553;0.436469;0.550504;0.205905;0.475787;0.479513;0.630307;0.543493;0.425204;0.204845;0.561070;0.555017;0.630613;0.426832;0.561725;0.525958;0.202637;0.566591;0.591987;0.462113;0.614794;0.596817;0.277157;0.090229;0.556735;0.578473;0.468717;0.565429;0.512268;0.566389;0.562479;0.441196;0.456032;0.481028;0.565459;0.627215;0.552477;0.596113;0.607043;0.584305;0.488221;0.621586;0.566205;0.410404;0.539005;0.616688;0.571205;0.554216;0.594913;0.596017;0.574458;0.577512;0.423689;0.573540;0.594072;0.512508;0.583825;0.086974;0.481152;0.541671;0.569098;0.554412;0.572262;0.541458;0.073039;0.283211;0.553180;0.590542;0.620573;0.583621;0.507629;0.534783;0.478484;0.564997;0.600069;0.587965;0.531324;0.555903;0.450541;0.570028;0.573555;0.460994;0.575198;0.576306;0.581488;0.497287;0.406301;0.542781;0.571782;0.286092;0.616896;0.521372;0.502174;0.624709;0.186113;0.468688;0.530834;0.583705;0.426171;0.587417;0.574265;0.532747;0.588668;0.557650;0.556070;0.497903;0.518379;0.558192;0.458665;0.462486;0.528744;0.586826;0.435547;0.556888;0.566242;0.566213;0.550831;0.172460;0.424235;0.573524;0.551254;0.613068;0.568099;0.437531;0.622834;0.628251;0.545661;0.626968;0.566294;0.596720;0.549827;0.412120;0.545730;0.072365;0.532825;0.453228;0.615440;0.483055;0.543336;0.623366;0.533700;0.422937;0.581346;0.178172;0.536723;0.579158;0.427971;0.628981;0.602378;0.556656;0.539280;0.425145;0.604491;0.531822;0.512695;0.532764;0.539438;0.490887;0.298830;0.488629;0.533195;0.616811;0.422444;0.551655;0.523568;0.454197;0.543151;0.564431;0.609329;0.607895;0.568221;0.541619;0.534015
1230477;0.229462;0.514253;0.540024;0.628110;0.438311;0.428998;0.521653;0.599423;0.322591;0.383584;0.585051;0.438251;0.231514;0.000000;0.590187;0.566147;0.522303;0.551743;0.429417;0.589126;0.582739;0.527276;0.522381;0.323262;0.215081;0.536136;0.533893;0.535269;0.498629;0.524823;0.586357;0.054490;0.375431;0.539248;0.560375;0.390286;0.537554;0.424241;0.399175;0.543250;0.070262;0.356787;0.470795;0.611818;0.542518;0.334325;0.068063;0.565355;0.545035;0.656359;0.430841;0.520316;0.427047;0.080719;0.572462;0.587554;0.342758;0.601947;0.504352;0.332407;0.209896;0.496613;0.530411;0.400609;0.514716;0.506463;0.563638;0.557767;0.380328;0.429777;0.447060;0.561360;0.618678;0.542858;0.600523;0.631658;0.490226;0.461815;0.643029;0.575797;0.316867;0.528166;0.603823;0.567763;0.526686;0.502166;0.600411;0.561000;0.528647;0.415141;0.477616;0.597471;0.498302;0.542595;0.211395;0.482274;0.531427;0.568629;0.547391;0.516306;0.545544;0.236571;0.339598;0.546630;0.614746;0.595495;0.586163;0.490539;0.435031;0.359995;0.559395;0.588983;0.493619;0.513442;0.530433;0.415134;0.578681;0.559622;0.395098;0.572577;0.568630;0.535137;0.495291;0.325300;0.532502;0.595048;0.346032;0.605672;0.517996;0.503004;0.625496;0.203578;0.403278;0.430804;0.489143;0.333192;0.494080;0.558056;0.514616;0.583331;0.498182;0.563953;0.504036;0.494101;0.565081;0.436460;0.411670;0.510487;0.588382;0.367671;0.497788;0.575850;0.571553;0.555296;0.215616;0.415792;0.564563;0.539707;0.601088;0.562444;0.388260;0.625335;0.618451;0.551173;0.605891;0.526336;0.602026;0.527592;0.395121;0.536483;0.240893;0.512217;0.444605;0.602716;0.484853;0.558254;0.624997;0.433938;0.413489;0.582369;0.211536;0.520581;0.533087;0.431904;0.619825;0.628301;0.548044;0.525294;0.424681;0.514222;0.514920;0.498706;0.539901;0.543478;0.469770;0.359505;0.464072;0.517083;0.593045;0.413140;0.543081;0.424265;0.427128;0.533653;0.572820;0.635139;0.593632;0.574315;0.525808;0.434325
767455;0.574324;0.616669;0.441779;0.395975;0.514935;0.462629;0.526534;0.615867;0.533047;0.654179;0.502967;0.522364;0.567944;0.590187;0.000000;0.518722;0.443340;0.518305;0.462381;0.491435;0.499890;0.615704;0.617332;0.664081;0.582896;0.496580;0.480222;0.569554;0.469209;0.564967;0.501735;0.583012;0.581630;0.504758;0.492600;0.577547;0.440109;0.703024;0.544612;0.486631;0.574228;0.692418;0.459083;0.611246;0.459725;0.675288;0.580153;0.513956;0.480552;0.422597;0.460245;0.615393;0.705794;0.584295;0.512703;0.496804;0.683289;0.569062;0.761844;0.530733;0.586332;0.648978;0.646050;0.587861;0.640365;0.505122;0.521675;0.490990;0.576431;0.523693;0.586138;0.495290;0.562942;0.483227;0.489802;0.137026;0.753256;0.581883;0.203927;0.502963;0.663484;0.486164;0.565012;0.496350;0.566976;0.760771;0.490340;0.518400;0.646634;0.468092;0.746986;0.493813;0.471239;0.639329;0.586451;0.428795;0.488873;0.478536;0.487554;0.659695;0.499792;0.575247;0.527990;0.486452;0.095965;0.618604;0.500093;0.474142;0.713699;0.694069;0.495194;0.547163;0.754810;0.540970;0.564001;0.531715;0.509125;0.519344;0.578608;0.500997;0.489975;0.645672;0.443016;0.664793;0.492284;0.389267;0.524487;0.558788;0.509321;0.437088;0.765595;0.592252;0.587166;0.709177;0.751936;0.676346;0.754253;0.558855;0.528173;0.496318;0.648334;0.500848;0.421401;0.542282;0.504130;0.514075;0.585086;0.538500;0.491806;0.582904;0.647747;0.503018;0.512495;0.508777;0.584117;0.468019;0.492727;0.499692;0.564568;0.493961;0.558897;0.762432;0.567722;0.437269;0.612492;0.617329;0.499423;0.519439;0.486946;0.491665;0.576218;0.498451;0.508525;0.570522;0.426795;0.161896;0.763916;0.712963;0.470271;0.490459;0.585607;0.528698;0.643537;0.460508;0.567122;0.396425;0.477554;0.522662;0.475472;0.768483;0.538889;0.468108;0.424299;0.438543;0.576395;0.518918;0.578483;0.539344;0.611116;0.469446;0.497167;0.702997;0.525571;0.486539;0.507342;0.400975;0.565119;0.512694;0.494150;0.713057
880633;0.596553;0.341839;0.372747;0.563067;0.449956;0.467937;0.288134;0.299109;0.553873;0.525258;0.300107;0.359347;0.578199;0.566147;0.518722;0.000000;0.368427;0.097920;0.466593;0.179042;0.297830;0.332476;0.340100;0.657000;0.598236;0.264233;0.347174;0.289647;0.372529;0.294886;0.297582;0.565031;0.425867;0.308511;0.394383;0.423600;0.373534;0.605386;0.405470;0.313521;0.555805;0.631451;0.422715;0.296456;0.356389;0.664726;0.566710;0.293452;0.333207;0.592867;0.468332;0.336265;0.611064;0.569446;0.295036;0.179341;0.618600;0.192047;0.702359;0.557600;0.589102;0.404657;0.380522;0.413676;0.377086;0.311279;0.281588;0.395600;0.413185;0.455997;0.380537;0.389568;0.228181;0.329588;0.327912;0.535206;0.689660;0.372163;0.569550;0.305524;0.651664;0.352904;0.220448;0.312548;0.293833;0.703261;0.327325;0.074563;0.384120;0.470552;0.684359;0.326372;0.370812;0.364754;0.591076;0.412932;0.347283;0.349615;0.311318;0.424832;0.310405;0.585536;0.551885;0.314168;0.537516;0.308625;0.298864;0.372420;0.623428;0.632026;0.244661;0.179925;0.692565;0.316010;0.290198;0.393953;0.304196;0.074450;0.407047;0.404513;0.168910;0.378396;0.421240;0.658077;0.308748;0.537930;0.552422;0.215510;0.312360;0.420609;0.806162;0.603069;0.415857;0.617579;0.687791;0.665707;0.691206;0.278622;0.288506;0.170026;0.403283;0.311683;0.415583;0.325601;0.301417;0.447329;0.426672;0.316382;0.320040;0.436506;0.403431;0.305533;0.296308;0.297522;0.600262;0.470307;0.170224;0.251542;0.186961;0.249495;0.391651;0.805614;0.228437;0.379026;0.295813;0.334648;0.307880;0.130854;0.481643;0.310121;0.590105;0.329871;0.493088;0.196659;0.411343;0.523610;0.805794;0.623036;0.471177;0.258589;0.599611;0.285707;0.376528;0.467169;0.231289;0.562794;0.334097;0.285472;0.475449;0.715669;0.315242;0.372260;0.427538;0.373046;0.368693;0.553904;0.369317;0.314890;0.296156;0.470296;0.389561;0.605291;0.457595;0.345779;0.303773;0.569298;0.187017;0.295225;0.325370;0.623169
1318;0.533402;0.452677;0.100796;0.505174;0.458529;0.433914;0.319980;0.443121;0.498482;0.516429;0.298385;0.385418;0.522906;0.522303;0.443340;0.368427;0.000000;0.367366;0.433659;0.355383;0.292211;0.452093;0.453962;0.626004;0.539523;0.351437;0.206541;0.349640;0.222462;0.342858;0.297591;0.516707;0.429832;0.258607;0.341715;0.397617;0.086421;0.599828;0.374558;0.256371;0.505220;0.614888;0.395061;0.444175;0.208656;0.638270;0.515540;0.273346;0.240277;0.538808;0.433760;0.451363;0.605164;0.520634;0.273258;0.358179;0.602497;0.416289;0.690485;0.500073;0.539503;0.489747;0.476735;0.427714;0.479370;0.257150;0.322229;0.339685;0.391374;0.465427;0.422772;0.342517;0.407930;0.242133;0.278772;0.470388;0.678179;0.416576;0.508812;0.267050;0.623217;0.214505;0.403633;0.260983;0.343624;0.691058;0.279314;0.365590;0.478351;0.424292;0.672512;0.276073;0.222906;0.469899;0.540437;0.365947;0.211516;0.211756;0.259451;0.507779;0.253353;0.531126;0.496864;0.257318;0.469620;0.447775;0.297553;0.228646;0.616443;0.615850;0.350660;0.397087;0.680838;0.341192;0.341432;0.408338;0.273658;0.365676;0.420207;0.356928;0.346470;0.476802;0.389924;0.627285;0.257779;0.478492;0.495605;0.398692;0.260206;0.387171;0.766046;0.547804;0.428069;0.610338;0.676627;0.638784;0.679730;0.344535;0.318327;0.355518;0.488579;0.261159;0.365200;0.342551;0.261726;0.456181;0.404364;0.337177;0.267620;0.410345;0.489064;0.267070;0.272874;0.263639;0.541082;0.423777;0.347227;0.350884;0.411982;0.353274;0.364734;0.764526;0.412357;0.104101;0.443203;0.453450;0.308102;0.359363;0.438275;0.258916;0.534566;0.246617;0.475663;0.418872;0.364125;0.447286;0.765261;0.615918;0.426415;0.356417;0.541627;0.317621;0.474549;0.432704;0.412727;0.505070;0.238200;0.315163;0.442855;0.703119;0.339934;0.224235;0.391734;0.101688;0.410860;0.493253;0.413109;0.339927;0.437745;0.424694;0.338916;0.599762;0.466796;0.208747;0.269383;0.513062;0.410272;0.275028;0.241663;0.615873
326425;0.585591;0.338562;0.373384;0.565283;0.439150;0.459793;0.287341;0.304527;0.545094;0.508624;0.309065;0.350272;0.568062;0.551743;0.518305;0.097920;0.367366;0.000000;0.458548;0.200571;0.306589;0.331568;0.337990;0.643619;0.586860;0.267911;0.346688;0.289560;0.367767;0.293105;0.307118;0.551208;0.409139;0.311589;0.394967;0.409820;0.373869;0.591605;0.395140;0.315417;0.542159;0.615911;0.416916;0.305233;0.357798;0.650981;0.553294;0.301384;0.334077;0.595477;0.460521;0.334166;0.597349;0.555982;0.303954;0.200491;0.602740;0.210200;0.690174;0.549240;0.578423;0.395692;0.375474;0.397909;0.371264;0.310432;0.288675;0.395834;0.398869;0.443978;0.375710;0.390432;0.244408;0.330891;0.338669;0.537710;0.677132;0.369197;0.570698;0.314192;0.637641;0.351340;0.233607;0.318378;0.291808;0.690976;0.338137;0.087154;0.379091;0.461105;0.671543;0.336700;0.365791;0.362525;0.580415;0.409369;0.346092;0.353292;0.313633;0.416743;0.313874;0.575739;0.544011;0.316773;0.538399;0.312665;0.308251;0.366782;0.609815;0.616522;0.254144;0.198138;0.680102;0.313727;0.289377;0.382424;0.312831;0.088554;0.391343;0.405548;0.183079;0.373896;0.417969;0.644705;0.309348;0.538840;0.544805;0.230102;0.312332;0.418287;0.799972;0.591177;0.400338;0.603699;0.675245;0.651971;0.678754;0.283616;0.286433;0.189609;0.394516;0.317849;0.413795;0.320425;0.308562;0.436145;0.413665;0.313839;0.329215;0.421185;0.394979;0.314193;0.304865;0.302853;0.589087;0.460889;0.183042;0.255934;0.206014;0.259085;0.378544;0.799431;0.245168;0.380588;0.302861;0.333510;0.319594;0.118911;0.470363;0.310960;0.580289;0.326237;0.484303;0.214654;0.408057;0.520334;0.799598;0.609383;0.461521;0.272298;0.588107;0.284929;0.372538;0.459439;0.247705;0.565003;0.335653;0.285368;0.466679;0.703795;0.313354;0.367133;0.428535;0.373861;0.367051;0.546545;0.366891;0.313397;0.300944;0.460832;0.388207;0.591513;0.445309;0.344894;0.312036;0.571696;0.202814;0.304368;0.323995;0.609517
1457191;0.438821;0.512133;0.445559;0.473960;0.272982;0.058000;0.467755;0.570001;0.391616;0.533589;0.475369;0.340283;0.426736;0.429417;0.462381;0.466593;0.433659;0.458548;0.000000;0.458049;0.472134;0.516464;0.516097;0.517103;0.444520;0.416097;0.459188;0.505897;0.422061;0.497807;0.476248;0.423890;0.431529;0.463100;0.474839;0.461527;0.442737;0.586279;0.432819;0.439024;0.415460;0.566814;0.260887;0.573077;0.443405;0.533513;0.421344;0.485084;0.442935;0.511846;0.065396;0.513845;0.589906;0.426113;0.486899;0.460181;0.555577;0.524135;0.660160;0.393716;0.444461;0.534856;0.559556;0.445035;0.532790;0.450311;0.486772;0.471453;0.458338;0.280647;0.440789;0.476186;0.544997;0.444250;0.486604;0.504581;0.648259;0.442246;0.530636;0.482798;0.517005;0.459959;0.536550;0.466099;0.500080;0.658744;0.486551;0.463254;0.558756;0.154166;0.640137;0.485807;0.422838;0.557972;0.444814;0.274404;0.462741;0.479498;0.439341;0.550930;0.461605;0.437057;0.391795;0.442115;0.489379;0.571621;0.474417;0.421533;0.598576;0.568970;0.430147;0.503798;0.651172;0.437428;0.499793;0.333301;0.485155;0.462177;0.433677;0.485420;0.442497;0.561682;0.269506;0.518364;0.437533;0.433983;0.391183;0.533664;0.457757;0.274789;0.697837;0.452106;0.444225;0.594285;0.647108;0.534600;0.650754;0.506284;0.466557;0.456624;0.535584;0.472581;0.289083;0.430428;0.476750;0.272653;0.473870;0.434884;0.480014;0.460046;0.534005;0.482835;0.485093;0.472736;0.444225;0.154355;0.440074;0.420723;0.521335;0.433403;0.444642;0.696118;0.546217;0.449925;0.570296;0.518205;0.483750;0.442733;0.176841;0.440666;0.439404;0.439342;0.273844;0.525471;0.277309;0.452183;0.696859;0.597760;0.155855;0.446473;0.446890;0.471484;0.557943;0.060277;0.547529;0.473798;0.443977;0.467046;0.075393;0.668658;0.435298;0.419817;0.309585;0.444927;0.440393;0.396912;0.440104;0.437460;0.564937;0.154499;0.468030;0.586245;0.281556;0.462128;0.484433;0.482794;0.517534;0.487168;0.444069;0.597932
695562;0.610487;0.383248;0.355898;0.529566;0.458338;0.459246;0.320405;0.344624;0.564990;0.560625;0.295511;0.383235;0.592214;0.589126;0.491435;0.179042;0.355383;0.200571;0.458049;0.000000;0.292447;0.372976;0.380902;0.676808;0.613756;0.270685;0.342499;0.328022;0.370093;0.331762;0.292426;0.586861;0.461437;0.319211;0.397949;0.452171;0.357239;0.633124;0.425264;0.311227;0.577326;0.657916;0.409391;0.337993;0.345770;0.686001;0.587663;0.304096;0.315808;0.560962;0.459345;0.377340;0.638570;0.590586;0.302163;0.069980;0.645941;0.229771;0.723521;0.567589;0.605630;0.444937;0.422826;0.449593;0.417387;0.329849;0.301933;0.398916;0.444022;0.468899;0.403581;0.393935;0.261751;0.315308;0.304525;0.506390;0.711728;0.392383;0.545336;0.307422;0.673202;0.350360;0.264317;0.297571;0.331460;0.724345;0.303838;0.181998;0.426402;0.464862;0.706850;0.304799;0.368789;0.406166;0.607100;0.397289;0.345510;0.338289;0.308429;0.463409;0.316978;0.599925;0.562027;0.311188;0.510219;0.355258;0.293368;0.371978;0.649997;0.658526;0.244768;0.212137;0.714438;0.327714;0.326739;0.419349;0.306335;0.182195;0.442633;0.407843;0.080187;0.420531;0.400339;0.677957;0.311186;0.505474;0.561793;0.254969;0.328470;0.396863;0.809447;0.619759;0.450817;0.644622;0.710044;0.686712;0.713089;0.308755;0.322281;0.078820;0.443478;0.314377;0.395279;0.341634;0.306221;0.456523;0.454817;0.328262;0.299805;0.467308;0.443584;0.307435;0.304133;0.307297;0.615555;0.464558;0.089260;0.259961;0.222893;0.246562;0.419769;0.808628;0.264955;0.360110;0.338730;0.375887;0.297001;0.215168;0.481263;0.311675;0.603856;0.326523;0.490892;0.234283;0.395125;0.502816;0.808997;0.649618;0.466035;0.245927;0.615469;0.318806;0.418483;0.457883;0.265900;0.529157;0.316196;0.315856;0.469321;0.735878;0.325530;0.369305;0.396229;0.355173;0.386106;0.561778;0.388437;0.325103;0.343083;0.464685;0.396476;0.633034;0.471425;0.343377;0.308279;0.536093;0.226770;0.302368;0.318402;0.649734
